[2594, 6320, 14]
[2595, 6320, 14]
[2594, 6319, 14]
[2594, 6320, 14]
[2595, 6319, 14]
[2595, 6320, 14]
[2594, 6318, 14]
[2594, 6319, 14]
[2595, 6318, 14]
[2595, 6319, 14]
[2594, 6317, 14]
[2594, 6318, 14]
[2595, 6317, 14]
[2595, 6318, 14]
[2594, 6317, 14]
[2595, 6317, 14]
[2594, 6316, 14]
[2594, 6317, 14]
[2595, 6316, 14]
[2595, 6317, 14]
[2594, 6315, 14]
[2594, 6316, 14]
[2595, 6315, 14]
[2595, 6316, 14]
[2594, 6314, 14]
[2594, 6315, 14]
[2595, 6314, 14]
[2595, 6315, 14]
[2594, 6307, 14]
[2594, 6308, 14]
[2595, 6307, 14]
[2595, 6308, 14]
[2594, 6306, 14]
[2594, 6307, 14]
[2595, 6306, 14]
[2595, 6307, 14]
[2594, 6306, 14]
[2595, 6306, 14]
[2594, 6305, 14]
[2594, 6306, 14]
[2595, 6305, 14]
[2595, 6306, 14]
[2594, 6304, 14]
[2594, 6305, 14]
[2595, 6304, 14]
[2595, 6305, 14]
[2594, 6303, 14]
[2594, 6304, 14]
[2595, 6303, 14]
[2595, 6304, 14]
[2594, 6302, 14]
[2594, 6303, 14]
[2595, 6302, 14]
[2595, 6303, 14]
[2594, 6302, 14]
[2595, 6302, 14]
[2594, 6301, 14]
[2594, 6302, 14]
[2595, 6301, 14]
[2595, 6302, 14]
[2594, 6300, 14]
[2594, 6301, 14]
[2595, 6300, 14]
[2595, 6301, 14]
[2594, 6299, 14]
[2594, 6300, 14]
[2595, 6299, 14]
[2595, 6300, 14]
[2594, 6299, 14]
[2595, 6299, 14]
[2595, 6320, 14]
[2595, 6319, 14]
[2595, 6320, 14]
[2595, 6318, 14]
[2595, 6319, 14]
[2595, 6317, 14]
[2595, 6318, 14]
[2595, 6317, 14]
[2595, 6316, 14]
[2595, 6317, 14]
[2595, 6315, 14]
[2595, 6316, 14]
[2595, 6314, 14]
[2595, 6315, 14]
[2595, 6313, 14]
[2595, 6314, 14]
[2595, 6313, 14]
[2595, 6312, 14]
[2595, 6313, 14]
[2595, 6309, 14]
[2595, 6310, 14]
[2595, 6308, 14]
[2595, 6309, 14]
[2595, 6307, 14]
[2595, 6308, 14]
[2595, 6306, 14]
[2595, 6307, 14]
[2595, 6306, 14]
[2595, 6305, 14]
[2595, 6306, 14]
[2595, 6304, 14]
[2595, 6305, 14]
[2595, 6303, 14]
[2595, 6304, 14]
[2595, 6302, 14]
[2595, 6303, 14]
[2595, 6302, 14]
[2595, 6301, 14]
[2595, 6302, 14]
[2595, 6300, 14]
[2595, 6301, 14]
[2595, 6299, 14]
[2595, 6300, 14]
[2595, 6317, 14]
[2595, 6318, 14]
[2596, 6317, 14]
[2596, 6318, 14]
[2595, 6317, 14]
[2596, 6317, 14]
[2595, 6316, 14]
[2595, 6317, 14]
[2596, 6316, 14]
[2596, 6317, 14]
[2595, 6315, 14]
[2595, 6316, 14]
[2596, 6315, 14]
[2596, 6316, 14]
[2595, 6314, 14]
[2595, 6315, 14]
[2596, 6314, 14]
[2596, 6315, 14]
[2595, 6313, 14]
[2595, 6314, 14]
[2596, 6313, 14]
[2596, 6314, 14]
[2595, 6313, 14]
[2596, 6313, 14]
[2595, 6312, 14]
[2595, 6313, 14]
[2596, 6312, 14]
[2596, 6313, 14]
[2595, 6311, 14]
[2595, 6312, 14]
[2596, 6311, 14]
[2596, 6312, 14]
[2595, 6310, 14]
[2595, 6311, 14]
[2596, 6310, 14]
[2596, 6311, 14]
[2595, 6310, 14]
[2596, 6310, 14]
[2595, 6309, 14]
[2595, 6310, 14]
[2596, 6309, 14]
[2596, 6310, 14]
[2595, 6308, 14]
[2595, 6309, 14]
[2596, 6308, 14]
[2596, 6309, 14]
[2595, 6307, 14]
[2595, 6308, 14]
[2596, 6307, 14]
[2596, 6308, 14]
[2595, 6306, 14]
[2595, 6307, 14]
[2596, 6306, 14]
[2596, 6307, 14]
[2595, 6306, 14]
[2596, 6306, 14]
[2595, 6305, 14]
[2595, 6306, 14]
[2596, 6305, 14]
[2596, 6306, 14]
[2595, 6304, 14]
[2595, 6305, 14]
[2596, 6304, 14]
[2596, 6305, 14]
[2595, 6303, 14]
[2595, 6304, 14]
[2596, 6303, 14]
[2596, 6304, 14]
[2595, 6302, 14]
[2595, 6303, 14]
[2596, 6302, 14]
[2596, 6303, 14]
[2595, 6302, 14]
[2596, 6302, 14]
[2595, 6301, 14]
[2595, 6302, 14]
[2596, 6301, 14]
[2596, 6302, 14]
[2595, 6300, 14]
[2595, 6301, 14]
[2596, 6300, 14]
[2596, 6301, 14]
[2595, 6299, 14]
[2595, 6300, 14]
[2596, 6299, 14]
[2596, 6300, 14]
[2595, 6299, 14]
[2596, 6299, 14]
[2596, 6317, 14]
[2596, 6318, 14]
[2597, 6317, 14]
[2597, 6318, 14]
[2596, 6317, 14]
[2597, 6317, 14]
[2596, 6316, 14]
[2596, 6317, 14]
[2597, 6316, 14]
[2597, 6317, 14]
[2596, 6315, 14]
[2596, 6316, 14]
[2597, 6315, 14]
[2597, 6316, 14]
[2596, 6314, 14]
[2596, 6315, 14]
[2597, 6314, 14]
[2597, 6315, 14]
[2596, 6313, 14]
[2596, 6314, 14]
[2597, 6313, 14]
[2597, 6314, 14]
[2596, 6313, 14]
[2597, 6313, 14]
[2596, 6312, 14]
[2596, 6313, 14]
[2597, 6312, 14]
[2597, 6313, 14]
[2596, 6311, 14]
[2596, 6312, 14]
[2597, 6311, 14]
[2597, 6312, 14]
[2596, 6310, 14]
[2596, 6311, 14]
[2597, 6310, 14]
[2597, 6311, 14]
[2596, 6310, 14]
[2597, 6310, 14]
[2596, 6309, 14]
[2596, 6310, 14]
[2597, 6309, 14]
[2597, 6310, 14]
[2596, 6308, 14]
[2596, 6309, 14]
[2597, 6308, 14]
[2597, 6309, 14]
[2596, 6307, 14]
[2596, 6308, 14]
[2597, 6307, 14]
[2597, 6308, 14]
[2596, 6306, 14]
[2596, 6307, 14]
[2597, 6306, 14]
[2597, 6307, 14]
[2596, 6306, 14]
[2597, 6306, 14]
[2596, 6305, 14]
[2596, 6306, 14]
[2597, 6305, 14]
[2597, 6306, 14]
[2596, 6304, 14]
[2596, 6305, 14]
[2597, 6304, 14]
[2597, 6305, 14]
[2596, 6303, 14]
[2596, 6304, 14]
[2597, 6303, 14]
[2597, 6304, 14]
[2596, 6302, 14]
[2596, 6303, 14]
[2597, 6302, 14]
[2597, 6303, 14]
[2596, 6302, 14]
[2597, 6302, 14]
[2596, 6301, 14]
[2596, 6302, 14]
[2597, 6301, 14]
[2597, 6302, 14]
[2596, 6300, 14]
[2596, 6301, 14]
[2597, 6300, 14]
[2597, 6301, 14]
[2596, 6299, 14]
[2596, 6300, 14]
[2597, 6299, 14]
[2597, 6300, 14]
[2596, 6299, 14]
[2597, 6299, 14]
[2597, 6317, 14]
[2597, 6318, 14]
[2598, 6317, 14]
[2598, 6318, 14]
[2597, 6317, 14]
[2598, 6317, 14]
[2597, 6316, 14]
[2597, 6317, 14]
[2598, 6316, 14]
[2598, 6317, 14]
[2597, 6315, 14]
[2597, 6316, 14]
[2598, 6315, 14]
[2598, 6316, 14]
[2597, 6314, 14]
[2597, 6315, 14]
[2598, 6314, 14]
[2598, 6315, 14]
[2597, 6313, 14]
[2597, 6314, 14]
[2598, 6313, 14]
[2598, 6314, 14]
[2597, 6313, 14]
[2598, 6313, 14]
[2597, 6312, 14]
[2597, 6313, 14]
[2598, 6312, 14]
[2598, 6313, 14]
[2597, 6311, 14]
[2597, 6312, 14]
[2598, 6311, 14]
[2598, 6312, 14]
[2597, 6310, 14]
[2597, 6311, 14]
[2598, 6310, 14]
[2598, 6311, 14]
[2597, 6310, 14]
[2598, 6310, 14]
[2597, 6309, 14]
[2597, 6310, 14]
[2598, 6309, 14]
[2598, 6310, 14]
[2597, 6308, 14]
[2597, 6309, 14]
[2598, 6308, 14]
[2598, 6309, 14]
[2597, 6307, 14]
[2597, 6308, 14]
[2598, 6307, 14]
[2598, 6308, 14]
[2597, 6306, 14]
[2597, 6307, 14]
[2598, 6306, 14]
[2598, 6307, 14]
[2597, 6306, 14]
[2598, 6306, 14]
[2597, 6305, 14]
[2597, 6306, 14]
[2598, 6305, 14]
[2598, 6306, 14]
[2597, 6304, 14]
[2597, 6305, 14]
[2598, 6304, 14]
[2598, 6305, 14]
[2597, 6303, 14]
[2597, 6304, 14]
[2598, 6303, 14]
[2598, 6304, 14]
[2597, 6302, 14]
[2597, 6303, 14]
[2598, 6302, 14]
[2598, 6303, 14]
[2597, 6302, 14]
[2598, 6302, 14]
[2597, 6301, 14]
[2597, 6302, 14]
[2598, 6301, 14]
[2598, 6302, 14]
[2597, 6300, 14]
[2597, 6301, 14]
[2598, 6300, 14]
[2598, 6301, 14]
[2597, 6299, 14]
[2597, 6300, 14]
[2598, 6299, 14]
[2598, 6300, 14]
[2597, 6299, 14]
[2598, 6299, 14]
[2597, 6298, 14]
[2597, 6299, 14]
[2598, 6298, 14]
[2598, 6299, 14]
[2598, 6317, 14]
[2598, 6318, 14]
[2599, 6317, 14]
[2599, 6318, 14]
[2598, 6317, 14]
[2599, 6317, 14]
[2598, 6316, 14]
[2598, 6317, 14]
[2599, 6316, 14]
[2599, 6317, 14]
[2598, 6315, 14]
[2598, 6316, 14]
[2599, 6315, 14]
[2599, 6316, 14]
[2598, 6314, 14]
[2598, 6315, 14]
[2599, 6314, 14]
[2599, 6315, 14]
[2598, 6313, 14]
[2598, 6314, 14]
[2599, 6313, 14]
[2599, 6314, 14]
[2598, 6313, 14]
[2599, 6313, 14]
[2598, 6312, 14]
[2598, 6313, 14]
[2599, 6312, 14]
[2599, 6313, 14]
[2598, 6311, 14]
[2598, 6312, 14]
[2599, 6311, 14]
[2599, 6312, 14]
[2598, 6310, 14]
[2598, 6311, 14]
[2599, 6310, 14]
[2599, 6311, 14]
[2598, 6310, 14]
[2599, 6310, 14]
[2598, 6309, 14]
[2598, 6310, 14]
[2599, 6309, 14]
[2599, 6310, 14]
[2598, 6308, 14]
[2598, 6309, 14]
[2599, 6308, 14]
[2599, 6309, 14]
[2598, 6307, 14]
[2598, 6308, 14]
[2599, 6307, 14]
[2599, 6308, 14]
[2598, 6306, 14]
[2598, 6307, 14]
[2599, 6306, 14]
[2599, 6307, 14]
[2598, 6306, 14]
[2599, 6306, 14]
[2598, 6305, 14]
[2598, 6306, 14]
[2599, 6305, 14]
[2599, 6306, 14]
[2598, 6304, 14]
[2598, 6305, 14]
[2599, 6304, 14]
[2599, 6305, 14]
[2598, 6303, 14]
[2598, 6304, 14]
[2599, 6303, 14]
[2599, 6304, 14]
[2598, 6302, 14]
[2598, 6303, 14]
[2599, 6302, 14]
[2599, 6303, 14]
[2598, 6302, 14]
[2599, 6302, 14]
[2598, 6301, 14]
[2598, 6302, 14]
[2599, 6301, 14]
[2599, 6302, 14]
[2598, 6300, 14]
[2598, 6301, 14]
[2599, 6300, 14]
[2599, 6301, 14]
[2598, 6299, 14]
[2598, 6300, 14]
[2599, 6299, 14]
[2599, 6300, 14]
[2598, 6299, 14]
[2599, 6299, 14]
[2598, 6298, 14]
[2598, 6299, 14]
[2599, 6298, 14]
[2599, 6299, 14]
[2598, 6297, 14]
[2598, 6298, 14]
[2599, 6297, 14]
[2599, 6298, 14]
[2599, 6318, 14]
[2599, 6319, 14]
[2599, 6317, 14]
[2599, 6318, 14]
[2599, 6317, 14]
[2599, 6316, 14]
[2599, 6317, 14]
[2599, 6315, 14]
[2599, 6316, 14]
[2599, 6314, 14]
[2599, 6315, 14]
[2599, 6313, 14]
[2599, 6314, 14]
[2599, 6313, 14]
[2599, 6312, 14]
[2599, 6313, 14]
[2599, 6311, 14]
[2599, 6312, 14]
[2599, 6310, 14]
[2599, 6311, 14]
[2599, 6310, 14]
[2599, 6309, 14]
[2599, 6310, 14]
[2599, 6308, 14]
[2599, 6309, 14]
[2599, 6307, 14]
[2599, 6308, 14]
[2599, 6306, 14]
[2599, 6307, 14]
[2599, 6306, 14]
[2599, 6305, 14]
[2599, 6306, 14]
[2599, 6304, 14]
[2599, 6305, 14]
[2599, 6303, 14]
[2599, 6304, 14]
[2599, 6302, 14]
[2599, 6303, 14]
[2599, 6302, 14]
[2599, 6301, 14]
[2599, 6302, 14]
[2599, 6300, 14]
[2599, 6301, 14]
[2599, 6299, 14]
[2599, 6300, 14]
[2599, 6299, 14]
[2599, 6298, 14]
[2599, 6299, 14]
[2599, 6318, 14]
[2599, 6319, 14]
[2600, 6318, 14]
[2600, 6319, 14]
[2599, 6317, 14]
[2599, 6318, 14]
[2600, 6317, 14]
[2600, 6318, 14]
[2599, 6317, 14]
[2600, 6317, 14]
[2599, 6316, 14]
[2599, 6317, 14]
[2600, 6316, 14]
[2600, 6317, 14]
[2599, 6315, 14]
[2599, 6316, 14]
[2600, 6315, 14]
[2600, 6316, 14]
[2599, 6314, 14]
[2599, 6315, 14]
[2600, 6314, 14]
[2600, 6315, 14]
[2599, 6313, 14]
[2599, 6314, 14]
[2600, 6313, 14]
[2600, 6314, 14]
[2599, 6313, 14]
[2600, 6313, 14]
[2599, 6312, 14]
[2599, 6313, 14]
[2600, 6312, 14]
[2600, 6313, 14]
[2599, 6311, 14]
[2599, 6312, 14]
[2600, 6311, 14]
[2600, 6312, 14]
[2599, 6310, 14]
[2599, 6311, 14]
[2600, 6310, 14]
[2600, 6311, 14]
[2599, 6310, 14]
[2600, 6310, 14]
[2599, 6309, 14]
[2599, 6310, 14]
[2600, 6309, 14]
[2600, 6310, 14]
[2599, 6308, 14]
[2599, 6309, 14]
[2600, 6308, 14]
[2600, 6309, 14]
[2599, 6307, 14]
[2599, 6308, 14]
[2600, 6307, 14]
[2600, 6308, 14]
[2599, 6306, 14]
[2599, 6307, 14]
[2600, 6306, 14]
[2600, 6307, 14]
[2599, 6306, 14]
[2600, 6306, 14]
[2599, 6305, 14]
[2599, 6306, 14]
[2600, 6305, 14]
[2600, 6306, 14]
[2599, 6304, 14]
[2599, 6305, 14]
[2600, 6304, 14]
[2600, 6305, 14]
[2599, 6303, 14]
[2599, 6304, 14]
[2600, 6303, 14]
[2600, 6304, 14]
[2599, 6302, 14]
[2599, 6303, 14]
[2600, 6302, 14]
[2600, 6303, 14]
[2599, 6302, 14]
[2600, 6302, 14]
[2599, 6301, 14]
[2599, 6302, 14]
[2600, 6301, 14]
[2600, 6302, 14]
[2599, 6300, 14]
[2599, 6301, 14]
[2600, 6300, 14]
[2600, 6301, 14]
[2599, 6299, 14]
[2599, 6300, 14]
[2600, 6299, 14]
[2600, 6300, 14]
[2599, 6299, 14]
[2600, 6299, 14]
[2599, 6298, 14]
[2599, 6299, 14]
[2600, 6298, 14]
[2600, 6299, 14]
[2600, 6319, 14]
[2600, 6320, 14]
[2601, 6319, 14]
[2601, 6320, 14]
[2600, 6318, 14]
[2600, 6319, 14]
[2601, 6318, 14]
[2601, 6319, 14]
[2600, 6317, 14]
[2600, 6318, 14]
[2601, 6317, 14]
[2601, 6318, 14]
[2600, 6317, 14]
[2601, 6317, 14]
[2600, 6316, 14]
[2600, 6317, 14]
[2601, 6316, 14]
[2601, 6317, 14]
[2600, 6315, 14]
[2600, 6316, 14]
[2601, 6315, 14]
[2601, 6316, 14]
[2600, 6314, 14]
[2600, 6315, 14]
[2601, 6314, 14]
[2601, 6315, 14]
[2600, 6313, 14]
[2600, 6314, 14]
[2601, 6313, 14]
[2601, 6314, 14]
[2600, 6313, 14]
[2601, 6313, 14]
[2600, 6312, 14]
[2600, 6313, 14]
[2601, 6312, 14]
[2601, 6313, 14]
[2600, 6311, 14]
[2600, 6312, 14]
[2601, 6311, 14]
[2601, 6312, 14]
[2600, 6310, 14]
[2600, 6311, 14]
[2601, 6310, 14]
[2601, 6311, 14]
[2600, 6310, 14]
[2601, 6310, 14]
[2600, 6309, 14]
[2600, 6310, 14]
[2601, 6309, 14]
[2601, 6310, 14]
[2600, 6308, 14]
[2600, 6309, 14]
[2601, 6308, 14]
[2601, 6309, 14]
[2600, 6307, 14]
[2600, 6308, 14]
[2601, 6307, 14]
[2601, 6308, 14]
[2600, 6306, 14]
[2600, 6307, 14]
[2601, 6306, 14]
[2601, 6307, 14]
[2600, 6306, 14]
[2601, 6306, 14]
[2600, 6305, 14]
[2600, 6306, 14]
[2601, 6305, 14]
[2601, 6306, 14]
[2600, 6304, 14]
[2600, 6305, 14]
[2601, 6304, 14]
[2601, 6305, 14]
[2600, 6303, 14]
[2600, 6304, 14]
[2601, 6303, 14]
[2601, 6304, 14]
[2600, 6302, 14]
[2600, 6303, 14]
[2601, 6302, 14]
[2601, 6303, 14]
[2600, 6302, 14]
[2601, 6302, 14]
[2600, 6301, 14]
[2600, 6302, 14]
[2601, 6301, 14]
[2601, 6302, 14]
[2600, 6300, 14]
[2600, 6301, 14]
[2601, 6300, 14]
[2601, 6301, 14]
[2600, 6299, 14]
[2600, 6300, 14]
[2601, 6299, 14]
[2601, 6300, 14]
[2600, 6299, 14]
[2601, 6299, 14]
[2601, 6319, 14]
[2601, 6320, 14]
[2602, 6319, 14]
[2602, 6320, 14]
[2601, 6318, 14]
[2601, 6319, 14]
[2602, 6318, 14]
[2602, 6319, 14]
[2601, 6317, 14]
[2601, 6318, 14]
[2602, 6317, 14]
[2602, 6318, 14]
[2601, 6317, 14]
[2602, 6317, 14]
[2601, 6316, 14]
[2601, 6317, 14]
[2602, 6316, 14]
[2602, 6317, 14]
[2601, 6315, 14]
[2601, 6316, 14]
[2602, 6315, 14]
[2602, 6316, 14]
[2601, 6314, 14]
[2601, 6315, 14]
[2602, 6314, 14]
[2602, 6315, 14]
[2601, 6313, 14]
[2601, 6314, 14]
[2602, 6313, 14]
[2602, 6314, 14]
[2601, 6313, 14]
[2602, 6313, 14]
[2601, 6312, 14]
[2601, 6313, 14]
[2602, 6312, 14]
[2602, 6313, 14]
[2601, 6311, 14]
[2601, 6312, 14]
[2602, 6311, 14]
[2602, 6312, 14]
[2601, 6310, 14]
[2601, 6311, 14]
[2602, 6310, 14]
[2602, 6311, 14]
[2601, 6310, 14]
[2602, 6310, 14]
[2601, 6309, 14]
[2601, 6310, 14]
[2602, 6309, 14]
[2602, 6310, 14]
[2601, 6308, 14]
[2601, 6309, 14]
[2602, 6308, 14]
[2602, 6309, 14]
[2601, 6307, 14]
[2601, 6308, 14]
[2602, 6307, 14]
[2602, 6308, 14]
[2601, 6306, 14]
[2601, 6307, 14]
[2602, 6306, 14]
[2602, 6307, 14]
[2601, 6306, 14]
[2602, 6306, 14]
[2601, 6305, 14]
[2601, 6306, 14]
[2602, 6305, 14]
[2602, 6306, 14]
[2601, 6304, 14]
[2601, 6305, 14]
[2602, 6304, 14]
[2602, 6305, 14]
[2601, 6303, 14]
[2601, 6304, 14]
[2602, 6303, 14]
[2602, 6304, 14]
[2601, 6302, 14]
[2601, 6303, 14]
[2602, 6302, 14]
[2602, 6303, 14]
[2601, 6302, 14]
[2602, 6302, 14]
[2601, 6301, 14]
[2601, 6302, 14]
[2602, 6301, 14]
[2602, 6302, 14]
[2601, 6300, 14]
[2601, 6301, 14]
[2602, 6300, 14]
[2602, 6301, 14]
[2601, 6299, 14]
[2601, 6300, 14]
[2602, 6299, 14]
[2602, 6300, 14]
[2601, 6299, 14]
[2602, 6299, 14]
[2602, 6320, 14]
[2602, 6319, 14]
[2602, 6320, 14]
[2602, 6318, 14]
[2602, 6319, 14]
[2602, 6317, 14]
[2602, 6318, 14]
[2602, 6317, 14]
[2602, 6316, 14]
[2602, 6317, 14]
[2602, 6315, 14]
[2602, 6316, 14]
[2602, 6314, 14]
[2602, 6315, 14]
[2602, 6313, 14]
[2602, 6314, 14]
[2602, 6313, 14]
[2602, 6312, 14]
[2602, 6313, 14]
[2602, 6311, 14]
[2602, 6312, 14]
[2602, 6310, 14]
[2602, 6311, 14]
[2602, 6310, 14]
[2602, 6309, 14]
[2602, 6310, 14]
[2602, 6308, 14]
[2602, 6309, 14]
[2602, 6307, 14]
[2602, 6308, 14]
[2602, 6306, 14]
[2602, 6307, 14]
[2602, 6306, 14]
[2602, 6305, 14]
[2602, 6306, 14]
[2602, 6304, 14]
[2602, 6305, 14]
[2602, 6303, 14]
[2602, 6304, 14]
[2602, 6302, 14]
[2602, 6303, 14]
[2602, 6302, 14]
[2602, 6303, 14]
[2602, 6301, 14]
[2602, 6302, 14]
[2602, 6300, 14]
[2602, 6301, 14]
[2602, 6299, 14]
[2602, 6300, 14]
[2602, 6321, 14]
[2602, 6322, 14]
[2603, 6321, 14]
[2603, 6322, 14]
[2602, 6320, 14]
[2602, 6321, 14]
[2603, 6320, 14]
[2603, 6321, 14]
[2602, 6320, 14]
[2603, 6320, 14]
[2602, 6319, 14]
[2602, 6320, 14]
[2603, 6319, 14]
[2603, 6320, 14]
[2602, 6318, 14]
[2602, 6319, 14]
[2603, 6318, 14]
[2603, 6319, 14]
[2602, 6317, 14]
[2602, 6318, 14]
[2603, 6317, 14]
[2603, 6318, 14]
[2602, 6317, 14]
[2603, 6317, 14]
[2602, 6316, 14]
[2602, 6317, 14]
[2603, 6316, 14]
[2603, 6317, 14]
[2602, 6315, 14]
[2602, 6316, 14]
[2603, 6315, 14]
[2603, 6316, 14]
[2602, 6314, 14]
[2602, 6315, 14]
[2603, 6314, 14]
[2603, 6315, 14]
[2602, 6313, 14]
[2602, 6314, 14]
[2603, 6313, 14]
[2603, 6314, 14]
[2602, 6313, 14]
[2603, 6313, 14]
[2602, 6312, 14]
[2602, 6313, 14]
[2603, 6312, 14]
[2603, 6313, 14]
[2602, 6311, 14]
[2602, 6312, 14]
[2603, 6311, 14]
[2603, 6312, 14]
[2602, 6310, 14]
[2602, 6311, 14]
[2603, 6310, 14]
[2603, 6311, 14]
[2602, 6310, 14]
[2603, 6310, 14]
[2602, 6309, 14]
[2602, 6310, 14]
[2603, 6309, 14]
[2603, 6310, 14]
[2602, 6308, 14]
[2602, 6309, 14]
[2603, 6308, 14]
[2603, 6309, 14]
[2602, 6307, 14]
[2602, 6308, 14]
[2603, 6307, 14]
[2603, 6308, 14]
[2602, 6306, 14]
[2602, 6307, 14]
[2603, 6306, 14]
[2603, 6307, 14]
[2602, 6306, 14]
[2603, 6306, 14]
[2602, 6305, 14]
[2602, 6306, 14]
[2603, 6305, 14]
[2603, 6306, 14]
[2602, 6304, 14]
[2602, 6305, 14]
[2603, 6304, 14]
[2603, 6305, 14]
[2602, 6303, 14]
[2602, 6304, 14]
[2603, 6303, 14]
[2603, 6304, 14]
[2602, 6303, 14]
[2603, 6303, 14]
[2602, 6302, 14]
[2602, 6303, 14]
[2603, 6302, 14]
[2603, 6303, 14]
[2602, 6301, 14]
[2602, 6302, 14]
[2603, 6301, 14]
[2603, 6302, 14]
[2602, 6300, 14]
[2602, 6301, 14]
[2603, 6300, 14]
[2603, 6301, 14]
[2602, 6299, 14]
[2602, 6300, 14]
[2603, 6299, 14]
[2603, 6300, 14]
[2603, 6321, 14]
[2603, 6322, 14]
[2604, 6321, 14]
[2604, 6322, 14]
[2603, 6320, 14]
[2603, 6321, 14]
[2604, 6320, 14]
[2604, 6321, 14]
[2603, 6320, 14]
[2604, 6320, 14]
[2603, 6319, 14]
[2603, 6320, 14]
[2604, 6319, 14]
[2604, 6320, 14]
[2603, 6318, 14]
[2603, 6319, 14]
[2604, 6318, 14]
[2604, 6319, 14]
[2603, 6317, 14]
[2603, 6318, 14]
[2604, 6317, 14]
[2604, 6318, 14]
[2603, 6317, 14]
[2604, 6317, 14]
[2603, 6316, 14]
[2603, 6317, 14]
[2604, 6316, 14]
[2604, 6317, 14]
[2603, 6315, 14]
[2603, 6316, 14]
[2604, 6315, 14]
[2604, 6316, 14]
[2603, 6314, 14]
[2603, 6315, 14]
[2604, 6314, 14]
[2604, 6315, 14]
[2603, 6313, 14]
[2603, 6314, 14]
[2604, 6313, 14]
[2604, 6314, 14]
[2603, 6313, 14]
[2604, 6313, 14]
[2603, 6312, 14]
[2603, 6313, 14]
[2604, 6312, 14]
[2604, 6313, 14]
[2603, 6311, 14]
[2603, 6312, 14]
[2604, 6311, 14]
[2604, 6312, 14]
[2603, 6310, 14]
[2603, 6311, 14]
[2604, 6310, 14]
[2604, 6311, 14]
[2603, 6310, 14]
[2604, 6310, 14]
[2603, 6309, 14]
[2603, 6310, 14]
[2604, 6309, 14]
[2604, 6310, 14]
[2603, 6308, 14]
[2603, 6309, 14]
[2604, 6308, 14]
[2604, 6309, 14]
[2603, 6307, 14]
[2603, 6308, 14]
[2604, 6307, 14]
[2604, 6308, 14]
[2603, 6306, 14]
[2603, 6307, 14]
[2604, 6306, 14]
[2604, 6307, 14]
[2603, 6306, 14]
[2604, 6306, 14]
[2603, 6305, 14]
[2603, 6306, 14]
[2604, 6305, 14]
[2604, 6306, 14]
[2603, 6304, 14]
[2603, 6305, 14]
[2604, 6304, 14]
[2604, 6305, 14]
[2603, 6303, 14]
[2603, 6304, 14]
[2604, 6303, 14]
[2604, 6304, 14]
[2603, 6303, 14]
[2604, 6303, 14]
[2603, 6302, 14]
[2603, 6303, 14]
[2604, 6302, 14]
[2604, 6303, 14]
[2603, 6301, 14]
[2603, 6302, 14]
[2604, 6301, 14]
[2604, 6302, 14]
[2603, 6300, 14]
[2603, 6301, 14]
[2604, 6300, 14]
[2604, 6301, 14]
[2603, 6299, 14]
[2603, 6300, 14]
[2604, 6299, 14]
[2604, 6300, 14]
[2603, 6322, 14]
[2603, 6323, 14]
[2604, 6322, 14]
[2604, 6323, 14]
[2604, 6321, 14]
[2604, 6322, 14]
[2605, 6321, 14]
[2605, 6322, 14]
[2604, 6320, 14]
[2604, 6321, 14]
[2605, 6320, 14]
[2605, 6321, 14]
[2604, 6320, 14]
[2605, 6320, 14]
[2604, 6319, 14]
[2604, 6320, 14]
[2605, 6319, 14]
[2605, 6320, 14]
[2604, 6318, 14]
[2604, 6319, 14]
[2605, 6318, 14]
[2605, 6319, 14]
[2604, 6317, 14]
[2604, 6318, 14]
[2605, 6317, 14]
[2605, 6318, 14]
[2604, 6317, 14]
[2605, 6317, 14]
[2604, 6316, 14]
[2604, 6317, 14]
[2605, 6316, 14]
[2605, 6317, 14]
[2604, 6315, 14]
[2604, 6316, 14]
[2605, 6315, 14]
[2605, 6316, 14]
[2604, 6314, 14]
[2604, 6315, 14]
[2605, 6314, 14]
[2605, 6315, 14]
[2604, 6313, 14]
[2604, 6314, 14]
[2605, 6313, 14]
[2605, 6314, 14]
[2604, 6313, 14]
[2605, 6313, 14]
[2604, 6312, 14]
[2604, 6313, 14]
[2605, 6312, 14]
[2605, 6313, 14]
[2604, 6311, 14]
[2604, 6312, 14]
[2605, 6311, 14]
[2605, 6312, 14]
[2604, 6310, 14]
[2604, 6311, 14]
[2605, 6310, 14]
[2605, 6311, 14]
[2604, 6310, 14]
[2605, 6310, 14]
[2604, 6309, 14]
[2604, 6310, 14]
[2605, 6309, 14]
[2605, 6310, 14]
[2604, 6308, 14]
[2604, 6309, 14]
[2605, 6308, 14]
[2605, 6309, 14]
[2604, 6307, 14]
[2604, 6308, 14]
[2605, 6307, 14]
[2605, 6308, 14]
[2604, 6306, 14]
[2604, 6307, 14]
[2605, 6306, 14]
[2605, 6307, 14]
[2604, 6306, 14]
[2605, 6306, 14]
[2604, 6305, 14]
[2604, 6306, 14]
[2605, 6305, 14]
[2605, 6306, 14]
[2604, 6304, 14]
[2604, 6305, 14]
[2605, 6304, 14]
[2605, 6305, 14]
[2604, 6303, 14]
[2604, 6304, 14]
[2605, 6303, 14]
[2605, 6304, 14]
[2604, 6303, 14]
[2605, 6303, 14]
[2604, 6302, 14]
[2604, 6303, 14]
[2605, 6302, 14]
[2605, 6303, 14]
[2604, 6301, 14]
[2604, 6302, 14]
[2605, 6301, 14]
[2605, 6302, 14]
[2604, 6323, 14]
[2604, 6324, 14]
[2605, 6323, 14]
[2605, 6324, 14]
[2604, 6322, 14]
[2604, 6323, 14]
[2605, 6322, 14]
[2605, 6323, 14]
[2605, 6321, 14]
[2605, 6322, 14]
[2606, 6321, 14]
[2606, 6322, 14]
[2605, 6320, 14]
[2605, 6321, 14]
[2606, 6320, 14]
[2606, 6321, 14]
[2605, 6320, 14]
[2605, 6321, 14]
[2606, 6320, 14]
[2606, 6321, 14]
[2605, 6319, 14]
[2605, 6320, 14]
[2606, 6319, 14]
[2606, 6320, 14]
[2605, 6318, 14]
[2605, 6319, 14]
[2606, 6318, 14]
[2606, 6319, 14]
[2605, 6317, 14]
[2605, 6318, 14]
[2606, 6317, 14]
[2606, 6318, 14]
[2605, 6317, 14]
[2606, 6317, 14]
[2605, 6316, 14]
[2605, 6317, 14]
[2606, 6316, 14]
[2606, 6317, 14]
[2605, 6315, 14]
[2605, 6316, 14]
[2606, 6315, 14]
[2606, 6316, 14]
[2605, 6314, 14]
[2605, 6315, 14]
[2606, 6314, 14]
[2606, 6315, 14]
[2605, 6313, 14]
[2605, 6314, 14]
[2606, 6313, 14]
[2606, 6314, 14]
[2605, 6313, 14]
[2606, 6313, 14]
[2605, 6312, 14]
[2605, 6313, 14]
[2606, 6312, 14]
[2606, 6313, 14]
[2605, 6311, 14]
[2605, 6312, 14]
[2606, 6311, 14]
[2606, 6312, 14]
[2605, 6310, 14]
[2605, 6311, 14]
[2606, 6310, 14]
[2606, 6311, 14]
[2605, 6310, 14]
[2606, 6310, 14]
[2605, 6309, 14]
[2605, 6310, 14]
[2606, 6309, 14]
[2606, 6310, 14]
[2605, 6308, 14]
[2605, 6309, 14]
[2606, 6308, 14]
[2606, 6309, 14]
[2605, 6307, 14]
[2605, 6308, 14]
[2606, 6307, 14]
[2606, 6308, 14]
[2605, 6306, 14]
[2605, 6307, 14]
[2606, 6306, 14]
[2606, 6307, 14]
[2605, 6306, 14]
[2606, 6306, 14]
[2605, 6305, 14]
[2605, 6306, 14]
[2606, 6305, 14]
[2606, 6306, 14]
[2605, 6304, 14]
[2605, 6305, 14]
[2606, 6304, 14]
[2606, 6305, 14]
[2605, 6303, 14]
[2605, 6304, 14]
[2606, 6303, 14]
[2606, 6304, 14]
[2605, 6303, 14]
[2606, 6303, 14]
[2605, 6302, 14]
[2605, 6303, 14]
[2606, 6302, 14]
[2606, 6303, 14]
[2605, 6301, 14]
[2605, 6302, 14]
[2606, 6301, 14]
[2606, 6302, 14]
[2605, 6324, 14]
[2606, 6324, 14]
[2605, 6323, 14]
[2605, 6324, 14]
[2606, 6323, 14]
[2606, 6324, 14]
[2605, 6322, 14]
[2605, 6323, 14]
[2606, 6322, 14]
[2606, 6323, 14]
[2606, 6321, 14]
[2606, 6322, 14]
[2606, 6321, 14]
[2606, 6320, 14]
[2606, 6321, 14]
[2606, 6319, 14]
[2606, 6320, 14]
[2606, 6318, 14]
[2606, 6319, 14]
[2606, 6317, 14]
[2606, 6318, 14]
[2606, 6317, 14]
[2606, 6316, 14]
[2606, 6317, 14]
[2606, 6315, 14]
[2606, 6316, 14]
[2606, 6314, 14]
[2606, 6315, 14]
[2606, 6313, 14]
[2606, 6314, 14]
[2606, 6313, 14]
[2606, 6312, 14]
[2606, 6313, 14]
[2606, 6311, 14]
[2606, 6312, 14]
[2606, 6310, 14]
[2606, 6311, 14]
[2606, 6310, 14]
[2606, 6309, 14]
[2606, 6310, 14]
[2606, 6308, 14]
[2606, 6309, 14]
[2606, 6307, 14]
[2606, 6308, 14]
[2606, 6306, 14]
[2606, 6307, 14]
[2606, 6306, 14]
[2606, 6305, 14]
[2606, 6306, 14]
[2606, 6304, 14]
[2606, 6305, 14]
[2606, 6303, 14]
[2606, 6304, 14]
[2606, 6303, 14]
[2606, 6302, 14]
[2606, 6303, 14]
[2606, 6301, 14]
[2606, 6302, 14]
[2606, 6324, 14]
[2606, 6325, 14]
[2606, 6324, 14]
[2606, 6323, 14]
[2606, 6324, 14]
[2606, 6322, 14]
[2606, 6323, 14]
[2606, 6321, 14]
[2606, 6322, 14]
[2607, 6321, 14]
[2607, 6322, 14]
[2606, 6321, 14]
[2607, 6321, 14]
[2606, 6320, 14]
[2606, 6321, 14]
[2607, 6320, 14]
[2607, 6321, 14]
[2606, 6319, 14]
[2606, 6320, 14]
[2607, 6319, 14]
[2607, 6320, 14]
[2606, 6318, 14]
[2606, 6319, 14]
[2607, 6318, 14]
[2607, 6319, 14]
[2606, 6317, 14]
[2606, 6318, 14]
[2607, 6317, 14]
[2607, 6318, 14]
[2606, 6317, 14]
[2607, 6317, 14]
[2606, 6316, 14]
[2606, 6317, 14]
[2607, 6316, 14]
[2607, 6317, 14]
[2606, 6315, 14]
[2606, 6316, 14]
[2607, 6315, 14]
[2607, 6316, 14]
[2606, 6314, 14]
[2606, 6315, 14]
[2607, 6314, 14]
[2607, 6315, 14]
[2606, 6313, 14]
[2606, 6314, 14]
[2607, 6313, 14]
[2607, 6314, 14]
[2606, 6313, 14]
[2607, 6313, 14]
[2606, 6312, 14]
[2606, 6313, 14]
[2607, 6312, 14]
[2607, 6313, 14]
[2606, 6311, 14]
[2606, 6312, 14]
[2607, 6311, 14]
[2607, 6312, 14]
[2606, 6310, 14]
[2606, 6311, 14]
[2607, 6310, 14]
[2607, 6311, 14]
[2606, 6310, 14]
[2607, 6310, 14]
[2606, 6309, 14]
[2606, 6310, 14]
[2607, 6309, 14]
[2607, 6310, 14]
[2606, 6308, 14]
[2606, 6309, 14]
[2607, 6308, 14]
[2607, 6309, 14]
[2606, 6307, 14]
[2606, 6308, 14]
[2607, 6307, 14]
[2607, 6308, 14]
[2606, 6306, 14]
[2606, 6307, 14]
[2607, 6306, 14]
[2607, 6307, 14]
[2606, 6306, 14]
[2607, 6306, 14]
[2606, 6305, 14]
[2606, 6306, 14]
[2607, 6305, 14]
[2607, 6306, 14]
[2606, 6304, 14]
[2606, 6305, 14]
[2607, 6304, 14]
[2607, 6305, 14]
[2606, 6303, 14]
[2607, 6303, 14]
[2606, 6302, 14]
[2606, 6303, 14]
[2607, 6302, 14]
[2607, 6303, 14]
[2606, 6301, 14]
[2606, 6302, 14]
[2607, 6301, 14]
[2607, 6302, 14]
[2606, 6325, 14]
[2606, 6326, 14]
[2607, 6325, 14]
[2607, 6326, 14]
[2606, 6324, 14]
[2606, 6325, 14]
[2607, 6324, 14]
[2607, 6325, 14]
[2606, 6324, 14]
[2607, 6324, 14]
[2606, 6323, 14]
[2606, 6324, 14]
[2607, 6323, 14]
[2607, 6324, 14]
[2606, 6322, 14]
[2606, 6323, 14]
[2607, 6322, 14]
[2607, 6323, 14]
[2607, 6321, 14]
[2607, 6322, 14]
[2608, 6321, 14]
[2608, 6322, 14]
[2607, 6321, 14]
[2608, 6321, 14]
[2607, 6320, 14]
[2607, 6321, 14]
[2608, 6320, 14]
[2608, 6321, 14]
[2607, 6319, 14]
[2607, 6320, 14]
[2608, 6319, 14]
[2608, 6320, 14]
[2607, 6318, 14]
[2607, 6319, 14]
[2608, 6318, 14]
[2608, 6319, 14]
[2607, 6317, 14]
[2607, 6318, 14]
[2608, 6317, 14]
[2608, 6318, 14]
[2607, 6317, 14]
[2608, 6317, 14]
[2607, 6316, 14]
[2607, 6317, 14]
[2608, 6316, 14]
[2608, 6317, 14]
[2607, 6315, 14]
[2607, 6316, 14]
[2608, 6315, 14]
[2608, 6316, 14]
[2607, 6314, 14]
[2607, 6315, 14]
[2608, 6314, 14]
[2608, 6315, 14]
[2607, 6313, 14]
[2607, 6314, 14]
[2608, 6313, 14]
[2608, 6314, 14]
[2607, 6313, 14]
[2608, 6313, 14]
[2607, 6312, 14]
[2607, 6313, 14]
[2608, 6312, 14]
[2608, 6313, 14]
[2607, 6311, 14]
[2607, 6312, 14]
[2608, 6311, 14]
[2608, 6312, 14]
[2607, 6310, 14]
[2607, 6311, 14]
[2608, 6310, 14]
[2608, 6311, 14]
[2607, 6310, 14]
[2608, 6310, 14]
[2607, 6309, 14]
[2607, 6310, 14]
[2608, 6309, 14]
[2608, 6310, 14]
[2607, 6308, 14]
[2607, 6309, 14]
[2608, 6308, 14]
[2608, 6309, 14]
[2607, 6307, 14]
[2607, 6308, 14]
[2608, 6307, 14]
[2608, 6308, 14]
[2607, 6306, 14]
[2607, 6307, 14]
[2608, 6306, 14]
[2608, 6307, 14]
[2607, 6306, 14]
[2608, 6306, 14]
[2607, 6305, 14]
[2607, 6306, 14]
[2608, 6305, 14]
[2608, 6306, 14]
[2607, 6325, 14]
[2607, 6326, 14]
[2608, 6325, 14]
[2608, 6326, 14]
[2607, 6324, 14]
[2607, 6325, 14]
[2608, 6324, 14]
[2608, 6325, 14]
[2607, 6324, 14]
[2608, 6324, 14]
[2607, 6323, 14]
[2607, 6324, 14]
[2608, 6323, 14]
[2608, 6324, 14]
[2607, 6322, 14]
[2607, 6323, 14]
[2608, 6322, 14]
[2608, 6323, 14]
[2608, 6321, 14]
[2608, 6322, 14]
[2609, 6321, 14]
[2609, 6322, 14]
[2608, 6321, 14]
[2609, 6321, 14]
[2608, 6320, 14]
[2608, 6321, 14]
[2609, 6320, 14]
[2609, 6321, 14]
[2608, 6319, 14]
[2608, 6320, 14]
[2609, 6319, 14]
[2609, 6320, 14]
[2608, 6318, 14]
[2608, 6319, 14]
[2609, 6318, 14]
[2609, 6319, 14]
[2608, 6317, 14]
[2608, 6318, 14]
[2609, 6317, 14]
[2609, 6318, 14]
[2608, 6317, 14]
[2609, 6317, 14]
[2608, 6316, 14]
[2608, 6317, 14]
[2609, 6316, 14]
[2609, 6317, 14]
[2608, 6315, 14]
[2608, 6316, 14]
[2609, 6315, 14]
[2609, 6316, 14]
[2608, 6314, 14]
[2608, 6315, 14]
[2609, 6314, 14]
[2609, 6315, 14]
[2608, 6313, 14]
[2608, 6314, 14]
[2609, 6313, 14]
[2609, 6314, 14]
[2608, 6313, 14]
[2609, 6313, 14]
[2608, 6312, 14]
[2608, 6313, 14]
[2609, 6312, 14]
[2609, 6313, 14]
[2608, 6311, 14]
[2608, 6312, 14]
[2609, 6311, 14]
[2609, 6312, 14]
[2608, 6310, 14]
[2608, 6311, 14]
[2609, 6310, 14]
[2609, 6311, 14]
[2608, 6310, 14]
[2609, 6310, 14]
[2608, 6309, 14]
[2608, 6310, 14]
[2609, 6309, 14]
[2609, 6310, 14]
[2608, 6308, 14]
[2608, 6309, 14]
[2609, 6308, 14]
[2609, 6309, 14]
[2608, 6307, 14]
[2608, 6308, 14]
[2609, 6307, 14]
[2609, 6308, 14]
[2608, 6306, 14]
[2608, 6307, 14]
[2609, 6306, 14]
[2609, 6307, 14]
[2608, 6306, 14]
[2609, 6306, 14]
[2608, 6324, 14]
[2608, 6325, 14]
[2609, 6324, 14]
[2609, 6325, 14]
[2608, 6324, 14]
[2609, 6324, 14]
[2608, 6323, 14]
[2608, 6324, 14]
[2609, 6323, 14]
[2609, 6324, 14]
[2608, 6322, 14]
[2608, 6323, 14]
[2609, 6322, 14]
[2609, 6323, 14]
[2609, 6321, 14]
[2609, 6322, 14]
[2609, 6321, 14]
[2609, 6320, 14]
[2609, 6321, 14]
[2609, 6319, 14]
[2609, 6320, 14]
[2609, 6318, 14]
[2609, 6319, 14]
[2609, 6317, 14]
[2609, 6318, 14]
[2609, 6317, 14]
[2609, 6316, 14]
[2609, 6317, 14]
[2609, 6315, 14]
[2609, 6316, 14]
[2609, 6314, 14]
[2609, 6315, 14]
[2609, 6313, 14]
[2609, 6314, 14]
[2609, 6313, 14]
[2609, 6312, 14]
[2609, 6313, 14]
[2609, 6311, 14]
[2609, 6312, 14]
[2609, 6310, 14]
[2609, 6311, 14]
[2609, 6310, 14]
[2609, 6309, 14]
[2609, 6310, 14]
[2609, 6308, 14]
[2609, 6309, 14]
[2609, 6307, 14]
[2609, 6308, 14]
[2609, 6306, 14]
[2609, 6307, 14]
[2609, 6324, 14]
[2609, 6325, 14]
[2609, 6324, 14]
[2609, 6323, 14]
[2609, 6324, 14]
[2609, 6322, 14]
[2609, 6323, 14]
[2609, 6321, 14]
[2609, 6322, 14]
[2610, 6321, 14]
[2610, 6322, 14]
[2609, 6321, 14]
[2610, 6321, 14]
[2609, 6320, 14]
[2609, 6321, 14]
[2610, 6320, 14]
[2610, 6321, 14]
[2609, 6319, 14]
[2609, 6320, 14]
[2610, 6319, 14]
[2610, 6320, 14]
[2609, 6318, 14]
[2609, 6319, 14]
[2610, 6318, 14]
[2610, 6319, 14]
[2609, 6317, 14]
[2609, 6318, 14]
[2610, 6317, 14]
[2610, 6318, 14]
[2609, 6317, 14]
[2610, 6317, 14]
[2609, 6316, 14]
[2609, 6317, 14]
[2610, 6316, 14]
[2610, 6317, 14]
[2609, 6315, 14]
[2609, 6316, 14]
[2610, 6315, 14]
[2610, 6316, 14]
[2609, 6314, 14]
[2609, 6315, 14]
[2610, 6314, 14]
[2610, 6315, 14]
[2609, 6313, 14]
[2609, 6314, 14]
[2610, 6313, 14]
[2610, 6314, 14]
[2609, 6313, 14]
[2610, 6313, 14]
[2609, 6312, 14]
[2609, 6313, 14]
[2610, 6312, 14]
[2610, 6313, 14]
[2609, 6311, 14]
[2609, 6312, 14]
[2610, 6311, 14]
[2610, 6312, 14]
[2609, 6310, 14]
[2609, 6311, 14]
[2610, 6310, 14]
[2610, 6311, 14]
[2609, 6310, 14]
[2610, 6310, 14]
[2609, 6309, 14]
[2609, 6310, 14]
[2610, 6309, 14]
[2610, 6310, 14]
[2609, 6308, 14]
[2609, 6309, 14]
[2610, 6308, 14]
[2610, 6309, 14]
[2609, 6307, 14]
[2609, 6308, 14]
[2610, 6307, 14]
[2610, 6308, 14]
[2609, 6306, 14]
[2609, 6307, 14]
[2610, 6306, 14]
[2610, 6307, 14]
[2609, 6325, 14]
[2609, 6326, 14]
[2610, 6325, 14]
[2610, 6326, 14]
[2609, 6324, 14]
[2609, 6325, 14]
[2610, 6324, 14]
[2610, 6325, 14]
[2609, 6324, 14]
[2610, 6324, 14]
[2609, 6323, 14]
[2609, 6324, 14]
[2610, 6323, 14]
[2610, 6324, 14]
[2609, 6322, 14]
[2609, 6323, 14]
[2610, 6322, 14]
[2610, 6323, 14]
[2610, 6321, 14]
[2610, 6322, 14]
[2611, 6321, 14]
[2611, 6322, 14]
[2610, 6321, 14]
[2611, 6321, 14]
[2610, 6320, 14]
[2610, 6321, 14]
[2611, 6320, 14]
[2611, 6321, 14]
[2610, 6319, 14]
[2610, 6320, 14]
[2611, 6319, 14]
[2611, 6320, 14]
[2610, 6318, 14]
[2610, 6319, 14]
[2611, 6318, 14]
[2611, 6319, 14]
[2610, 6317, 14]
[2610, 6318, 14]
[2611, 6317, 14]
[2611, 6318, 14]
[2610, 6317, 14]
[2611, 6317, 14]
[2610, 6316, 14]
[2610, 6317, 14]
[2611, 6316, 14]
[2611, 6317, 14]
[2610, 6315, 14]
[2610, 6316, 14]
[2611, 6315, 14]
[2611, 6316, 14]
[2610, 6314, 14]
[2610, 6315, 14]
[2611, 6314, 14]
[2611, 6315, 14]
[2610, 6313, 14]
[2610, 6314, 14]
[2611, 6313, 14]
[2611, 6314, 14]
[2610, 6313, 14]
[2611, 6313, 14]
[2610, 6312, 14]
[2610, 6313, 14]
[2611, 6312, 14]
[2611, 6313, 14]
[2610, 6311, 14]
[2610, 6312, 14]
[2611, 6311, 14]
[2611, 6312, 14]
[2610, 6310, 14]
[2610, 6311, 14]
[2611, 6310, 14]
[2611, 6311, 14]
[2610, 6310, 14]
[2611, 6310, 14]
[2610, 6309, 14]
[2610, 6310, 14]
[2611, 6309, 14]
[2611, 6310, 14]
[2610, 6308, 14]
[2610, 6309, 14]
[2611, 6308, 14]
[2611, 6309, 14]
[2610, 6307, 14]
[2610, 6308, 14]
[2611, 6307, 14]
[2611, 6308, 14]
[2610, 6326, 14]
[2610, 6327, 14]
[2611, 6326, 14]
[2611, 6327, 14]
[2610, 6325, 14]
[2610, 6326, 14]
[2611, 6325, 14]
[2611, 6326, 14]
[2610, 6324, 14]
[2610, 6325, 14]
[2611, 6324, 14]
[2611, 6325, 14]
[2610, 6324, 14]
[2611, 6324, 14]
[2610, 6323, 14]
[2610, 6324, 14]
[2611, 6323, 14]
[2611, 6324, 14]
[2610, 6322, 14]
[2610, 6323, 14]
[2611, 6322, 14]
[2611, 6323, 14]
[2611, 6321, 14]
[2611, 6322, 14]
[2612, 6321, 14]
[2612, 6322, 14]
[2611, 6321, 14]
[2612, 6321, 14]
[2611, 6320, 14]
[2611, 6321, 14]
[2612, 6320, 14]
[2612, 6321, 14]
[2611, 6319, 14]
[2611, 6320, 14]
[2612, 6319, 14]
[2612, 6320, 14]
[2611, 6318, 14]
[2611, 6319, 14]
[2612, 6318, 14]
[2612, 6319, 14]
[2611, 6317, 14]
[2611, 6318, 14]
[2612, 6317, 14]
[2612, 6318, 14]
[2611, 6317, 14]
[2612, 6317, 14]
[2611, 6316, 14]
[2611, 6317, 14]
[2612, 6316, 14]
[2612, 6317, 14]
[2611, 6315, 14]
[2611, 6316, 14]
[2612, 6315, 14]
[2612, 6316, 14]
[2611, 6314, 14]
[2611, 6315, 14]
[2612, 6314, 14]
[2612, 6315, 14]
[2611, 6313, 14]
[2611, 6314, 14]
[2612, 6313, 14]
[2612, 6314, 14]
[2611, 6313, 14]
[2612, 6313, 14]
[2611, 6312, 14]
[2611, 6313, 14]
[2612, 6312, 14]
[2612, 6313, 14]
[2611, 6311, 14]
[2611, 6312, 14]
[2612, 6311, 14]
[2612, 6312, 14]
[2611, 6310, 14]
[2611, 6311, 14]
[2612, 6310, 14]
[2612, 6311, 14]
[2611, 6310, 14]
[2612, 6310, 14]
[2611, 6309, 14]
[2611, 6310, 14]
[2612, 6309, 14]
[2612, 6310, 14]
[2611, 6308, 14]
[2611, 6309, 14]
[2612, 6308, 14]
[2612, 6309, 14]
[2611, 6307, 14]
[2611, 6308, 14]
[2612, 6307, 14]
[2612, 6308, 14]
[2611, 6327, 14]
[2611, 6328, 14]
[2612, 6327, 14]
[2612, 6328, 14]
[2611, 6326, 14]
[2611, 6327, 14]
[2612, 6326, 14]
[2612, 6327, 14]
[2611, 6325, 14]
[2611, 6326, 14]
[2612, 6325, 14]
[2612, 6326, 14]
[2611, 6324, 14]
[2611, 6325, 14]
[2612, 6324, 14]
[2612, 6325, 14]
[2611, 6324, 14]
[2612, 6324, 14]
[2611, 6323, 14]
[2611, 6324, 14]
[2612, 6323, 14]
[2612, 6324, 14]
[2611, 6322, 14]
[2611, 6323, 14]
[2612, 6322, 14]
[2612, 6323, 14]
[2612, 6321, 14]
[2612, 6322, 14]
[2613, 6321, 14]
[2613, 6322, 14]
[2612, 6321, 14]
[2613, 6321, 14]
[2612, 6320, 14]
[2612, 6321, 14]
[2613, 6320, 14]
[2613, 6321, 14]
[2612, 6319, 14]
[2612, 6320, 14]
[2613, 6319, 14]
[2613, 6320, 14]
[2612, 6318, 14]
[2612, 6319, 14]
[2613, 6318, 14]
[2613, 6319, 14]
[2612, 6317, 14]
[2612, 6318, 14]
[2613, 6317, 14]
[2613, 6318, 14]
[2612, 6317, 14]
[2613, 6317, 14]
[2612, 6316, 14]
[2612, 6317, 14]
[2613, 6316, 14]
[2613, 6317, 14]
[2612, 6315, 14]
[2612, 6316, 14]
[2613, 6315, 14]
[2613, 6316, 14]
[2612, 6314, 14]
[2612, 6315, 14]
[2613, 6314, 14]
[2613, 6315, 14]
[2612, 6313, 14]
[2612, 6314, 14]
[2613, 6313, 14]
[2613, 6314, 14]
[2612, 6313, 14]
[2613, 6313, 14]
[2612, 6312, 14]
[2612, 6313, 14]
[2613, 6312, 14]
[2613, 6313, 14]
[2612, 6311, 14]
[2612, 6312, 14]
[2613, 6311, 14]
[2613, 6312, 14]
[2612, 6310, 14]
[2612, 6311, 14]
[2613, 6310, 14]
[2613, 6311, 14]
[2612, 6310, 14]
[2613, 6310, 14]
[2612, 6309, 14]
[2612, 6310, 14]
[2613, 6309, 14]
[2613, 6310, 14]
[2612, 6308, 14]
[2612, 6309, 14]
[2613, 6308, 14]
[2613, 6309, 14]
[2612, 6307, 14]
[2612, 6308, 14]
[2613, 6307, 14]
[2613, 6308, 14]
[2612, 6328, 14]
[2613, 6328, 14]
[2612, 6327, 14]
[2612, 6328, 14]
[2613, 6327, 14]
[2613, 6328, 14]
[2612, 6326, 14]
[2612, 6327, 14]
[2613, 6326, 14]
[2613, 6327, 14]
[2612, 6325, 14]
[2612, 6326, 14]
[2613, 6325, 14]
[2613, 6326, 14]
[2612, 6324, 14]
[2612, 6325, 14]
[2613, 6324, 14]
[2613, 6325, 14]
[2612, 6324, 14]
[2613, 6324, 14]
[2612, 6323, 14]
[2612, 6324, 14]
[2613, 6323, 14]
[2613, 6324, 14]
[2612, 6322, 14]
[2612, 6323, 14]
[2613, 6322, 14]
[2613, 6323, 14]
[2613, 6321, 14]
[2613, 6322, 14]
[2613, 6321, 14]
[2613, 6320, 14]
[2613, 6321, 14]
[2613, 6319, 14]
[2613, 6320, 14]
[2613, 6318, 14]
[2613, 6319, 14]
[2613, 6317, 14]
[2613, 6318, 14]
[2613, 6317, 14]
[2613, 6316, 14]
[2613, 6317, 14]
[2613, 6315, 14]
[2613, 6316, 14]
[2613, 6314, 14]
[2613, 6315, 14]
[2613, 6313, 14]
[2613, 6314, 14]
[2613, 6313, 14]
[2613, 6312, 14]
[2613, 6313, 14]
[2613, 6311, 14]
[2613, 6312, 14]
[2613, 6310, 14]
[2613, 6311, 14]
[2613, 6310, 14]
[2613, 6309, 14]
[2613, 6310, 14]
[2613, 6308, 14]
[2613, 6309, 14]
[2613, 6328, 14]
[2613, 6327, 14]
[2613, 6328, 14]
[2613, 6326, 14]
[2613, 6327, 14]
[2613, 6325, 14]
[2613, 6326, 14]
[2613, 6324, 14]
[2613, 6325, 14]
[2613, 6324, 14]
[2613, 6323, 14]
[2613, 6324, 14]
[2613, 6322, 14]
[2613, 6323, 14]
[2613, 6321, 14]
[2613, 6322, 14]
[2614, 6321, 14]
[2614, 6322, 14]
[2613, 6321, 14]
[2614, 6321, 14]
[2613, 6320, 14]
[2613, 6321, 14]
[2614, 6320, 14]
[2614, 6321, 14]
[2613, 6319, 14]
[2613, 6320, 14]
[2614, 6319, 14]
[2614, 6320, 14]
[2613, 6318, 14]
[2613, 6319, 14]
[2614, 6318, 14]
[2614, 6319, 14]
[2613, 6317, 14]
[2613, 6318, 14]
[2614, 6317, 14]
[2614, 6318, 14]
[2613, 6317, 14]
[2614, 6317, 14]
[2613, 6316, 14]
[2613, 6317, 14]
[2614, 6316, 14]
[2614, 6317, 14]
[2613, 6315, 14]
[2613, 6316, 14]
[2614, 6315, 14]
[2614, 6316, 14]
[2613, 6314, 14]
[2613, 6315, 14]
[2614, 6314, 14]
[2614, 6315, 14]
[2613, 6313, 14]
[2613, 6314, 14]
[2614, 6313, 14]
[2614, 6314, 14]
[2613, 6313, 14]
[2613, 6314, 14]
[2614, 6313, 14]
[2614, 6314, 14]
[2613, 6312, 14]
[2613, 6313, 14]
[2614, 6312, 14]
[2614, 6313, 14]
[2613, 6311, 14]
[2613, 6312, 14]
[2614, 6311, 14]
[2614, 6312, 14]
[2613, 6310, 14]
[2613, 6311, 14]
[2614, 6310, 14]
[2614, 6311, 14]
[2613, 6310, 14]
[2614, 6310, 14]
[2613, 6309, 14]
[2613, 6310, 14]
[2614, 6309, 14]
[2614, 6310, 14]
[2613, 6308, 14]
[2613, 6309, 14]
[2614, 6308, 14]
[2614, 6309, 14]
[2613, 6328, 14]
[2613, 6329, 14]
[2614, 6328, 14]
[2614, 6329, 14]
[2613, 6328, 14]
[2614, 6328, 14]
[2613, 6327, 14]
[2613, 6328, 14]
[2614, 6327, 14]
[2614, 6328, 14]
[2613, 6326, 14]
[2613, 6327, 14]
[2614, 6326, 14]
[2614, 6327, 14]
[2613, 6325, 14]
[2613, 6326, 14]
[2614, 6325, 14]
[2614, 6326, 14]
[2613, 6324, 14]
[2613, 6325, 14]
[2614, 6324, 14]
[2614, 6325, 14]
[2613, 6324, 14]
[2614, 6324, 14]
[2613, 6323, 14]
[2613, 6324, 14]
[2614, 6323, 14]
[2614, 6324, 14]
[2613, 6322, 14]
[2613, 6323, 14]
[2614, 6322, 14]
[2614, 6323, 14]
[2614, 6321, 14]
[2614, 6322, 14]
[2615, 6321, 14]
[2615, 6322, 14]
[2614, 6321, 14]
[2615, 6321, 14]
[2614, 6320, 14]
[2614, 6321, 14]
[2615, 6320, 14]
[2615, 6321, 14]
[2614, 6319, 14]
[2614, 6320, 14]
[2615, 6319, 14]
[2615, 6320, 14]
[2614, 6318, 14]
[2614, 6319, 14]
[2615, 6318, 14]
[2615, 6319, 14]
[2614, 6317, 14]
[2614, 6318, 14]
[2615, 6317, 14]
[2615, 6318, 14]
[2614, 6317, 14]
[2615, 6317, 14]
[2614, 6316, 14]
[2614, 6317, 14]
[2615, 6316, 14]
[2615, 6317, 14]
[2614, 6315, 14]
[2614, 6316, 14]
[2615, 6315, 14]
[2615, 6316, 14]
[2614, 6314, 14]
[2614, 6315, 14]
[2615, 6314, 14]
[2615, 6315, 14]
[2614, 6314, 14]
[2615, 6314, 14]
[2614, 6313, 14]
[2614, 6314, 14]
[2615, 6313, 14]
[2615, 6314, 14]
[2614, 6312, 14]
[2614, 6313, 14]
[2615, 6312, 14]
[2615, 6313, 14]
[2614, 6311, 14]
[2614, 6312, 14]
[2615, 6311, 14]
[2615, 6312, 14]
[2614, 6310, 14]
[2614, 6311, 14]
[2615, 6310, 14]
[2615, 6311, 14]
[2614, 6310, 14]
[2615, 6310, 14]
[2614, 6309, 14]
[2614, 6310, 14]
[2615, 6309, 14]
[2615, 6310, 14]
[2614, 6329, 14]
[2614, 6330, 14]
[2615, 6329, 14]
[2615, 6330, 14]
[2614, 6328, 14]
[2614, 6329, 14]
[2615, 6328, 14]
[2615, 6329, 14]
[2614, 6328, 14]
[2615, 6328, 14]
[2614, 6327, 14]
[2614, 6328, 14]
[2615, 6327, 14]
[2615, 6328, 14]
[2614, 6326, 14]
[2614, 6327, 14]
[2615, 6326, 14]
[2615, 6327, 14]
[2614, 6325, 14]
[2614, 6326, 14]
[2615, 6325, 14]
[2615, 6326, 14]
[2614, 6324, 14]
[2614, 6325, 14]
[2615, 6324, 14]
[2615, 6325, 14]
[2614, 6324, 14]
[2615, 6324, 14]
[2614, 6323, 14]
[2614, 6324, 14]
[2615, 6323, 14]
[2615, 6324, 14]
[2614, 6322, 14]
[2614, 6323, 14]
[2615, 6322, 14]
[2615, 6323, 14]
[2615, 6321, 14]
[2615, 6322, 14]
[2616, 6321, 14]
[2616, 6322, 14]
[2615, 6321, 14]
[2616, 6321, 14]
[2615, 6320, 14]
[2615, 6321, 14]
[2616, 6320, 14]
[2616, 6321, 14]
[2615, 6319, 14]
[2615, 6320, 14]
[2616, 6319, 14]
[2616, 6320, 14]
[2615, 6318, 14]
[2615, 6319, 14]
[2616, 6318, 14]
[2616, 6319, 14]
[2615, 6317, 14]
[2615, 6318, 14]
[2616, 6317, 14]
[2616, 6318, 14]
[2615, 6317, 14]
[2616, 6317, 14]
[2615, 6316, 14]
[2615, 6317, 14]
[2616, 6316, 14]
[2616, 6317, 14]
[2615, 6315, 14]
[2615, 6316, 14]
[2616, 6315, 14]
[2616, 6316, 14]
[2615, 6314, 14]
[2615, 6315, 14]
[2616, 6314, 14]
[2616, 6315, 14]
[2615, 6314, 14]
[2616, 6314, 14]
[2615, 6313, 14]
[2615, 6314, 14]
[2616, 6313, 14]
[2616, 6314, 14]
[2615, 6312, 14]
[2615, 6313, 14]
[2616, 6312, 14]
[2616, 6313, 14]
[2615, 6311, 14]
[2615, 6312, 14]
[2616, 6311, 14]
[2616, 6312, 14]
[2615, 6310, 14]
[2615, 6311, 14]
[2616, 6310, 14]
[2616, 6311, 14]
[2615, 6346, 14]
[2615, 6347, 14]
[2616, 6346, 14]
[2616, 6347, 14]
[2615, 6345, 14]
[2615, 6346, 14]
[2616, 6345, 14]
[2616, 6346, 14]
[2615, 6345, 14]
[2616, 6345, 14]
[2615, 6344, 14]
[2615, 6345, 14]
[2616, 6344, 14]
[2616, 6345, 14]
[2615, 6343, 14]
[2615, 6344, 14]
[2616, 6343, 14]
[2616, 6344, 14]
[2615, 6342, 14]
[2615, 6343, 14]
[2616, 6342, 14]
[2616, 6343, 14]
[2615, 6331, 14]
[2615, 6332, 14]
[2616, 6331, 14]
[2616, 6332, 14]
[2615, 6330, 14]
[2615, 6331, 14]
[2616, 6330, 14]
[2616, 6331, 14]
[2615, 6329, 14]
[2615, 6330, 14]
[2616, 6329, 14]
[2616, 6330, 14]
[2615, 6328, 14]
[2615, 6329, 14]
[2616, 6328, 14]
[2616, 6329, 14]
[2615, 6328, 14]
[2616, 6328, 14]
[2615, 6327, 14]
[2615, 6328, 14]
[2616, 6327, 14]
[2616, 6328, 14]
[2615, 6326, 14]
[2615, 6327, 14]
[2616, 6326, 14]
[2616, 6327, 14]
[2615, 6325, 14]
[2615, 6326, 14]
[2616, 6325, 14]
[2616, 6326, 14]
[2615, 6324, 14]
[2615, 6325, 14]
[2616, 6324, 14]
[2616, 6325, 14]
[2615, 6324, 14]
[2616, 6324, 14]
[2615, 6323, 14]
[2615, 6324, 14]
[2616, 6323, 14]
[2616, 6324, 14]
[2615, 6322, 14]
[2615, 6323, 14]
[2616, 6322, 14]
[2616, 6323, 14]
[2616, 6321, 14]
[2616, 6322, 14]
[2616, 6321, 14]
[2616, 6320, 14]
[2616, 6321, 14]
[2616, 6319, 14]
[2616, 6320, 14]
[2616, 6318, 14]
[2616, 6319, 14]
[2616, 6317, 14]
[2616, 6318, 14]
[2616, 6317, 14]
[2616, 6316, 14]
[2616, 6317, 14]
[2616, 6315, 14]
[2616, 6316, 14]
[2616, 6314, 14]
[2616, 6315, 14]
[2616, 6314, 14]
[2616, 6313, 14]
[2616, 6314, 14]
[2616, 6312, 14]
[2616, 6313, 14]
[2616, 6311, 14]
[2616, 6312, 14]
[2616, 6348, 14]
[2616, 6349, 14]
[2616, 6347, 14]
[2616, 6348, 14]
[2616, 6346, 14]
[2616, 6347, 14]
[2616, 6345, 14]
[2616, 6346, 14]
[2616, 6345, 14]
[2616, 6344, 14]
[2616, 6345, 14]
[2616, 6343, 14]
[2616, 6344, 14]
[2616, 6342, 14]
[2616, 6343, 14]
[2616, 6342, 14]
[2616, 6341, 14]
[2616, 6342, 14]
[2616, 6337, 14]
[2616, 6338, 14]
[2616, 6336, 14]
[2616, 6337, 14]
[2616, 6335, 14]
[2616, 6336, 14]
[2616, 6335, 14]
[2616, 6334, 14]
[2616, 6335, 14]
[2616, 6333, 14]
[2616, 6334, 14]
[2616, 6332, 14]
[2616, 6333, 14]
[2616, 6331, 14]
[2616, 6332, 14]
[2616, 6331, 14]
[2616, 6329, 14]
[2616, 6330, 14]
[2616, 6328, 14]
[2616, 6329, 14]
[2616, 6328, 14]
[2616, 6327, 14]
[2616, 6328, 14]
[2616, 6326, 14]
[2616, 6327, 14]
[2616, 6325, 14]
[2616, 6326, 14]
[2616, 6324, 14]
[2616, 6325, 14]
[2616, 6324, 14]
[2616, 6323, 14]
[2616, 6324, 14]
[2616, 6322, 14]
[2616, 6323, 14]
[2616, 6321, 14]
[2616, 6322, 14]
[2617, 6321, 14]
[2617, 6322, 14]
[2616, 6321, 14]
[2617, 6321, 14]
[2616, 6320, 14]
[2616, 6321, 14]
[2617, 6320, 14]
[2617, 6321, 14]
[2616, 6319, 14]
[2616, 6320, 14]
[2617, 6319, 14]
[2617, 6320, 14]
[2616, 6318, 14]
[2616, 6319, 14]
[2617, 6318, 14]
[2617, 6319, 14]
[2616, 6317, 14]
[2616, 6318, 14]
[2617, 6317, 14]
[2617, 6318, 14]
[2616, 6317, 14]
[2617, 6317, 14]
[2616, 6316, 14]
[2616, 6317, 14]
[2617, 6316, 14]
[2617, 6317, 14]
[2616, 6315, 14]
[2616, 6316, 14]
[2617, 6315, 14]
[2617, 6316, 14]
[2616, 6314, 14]
[2616, 6315, 14]
[2617, 6314, 14]
[2617, 6315, 14]
[2616, 6314, 14]
[2617, 6314, 14]
[2616, 6313, 14]
[2616, 6314, 14]
[2617, 6313, 14]
[2617, 6314, 14]
[2616, 6312, 14]
[2616, 6313, 14]
[2617, 6312, 14]
[2617, 6313, 14]
[2616, 6348, 14]
[2616, 6349, 14]
[2617, 6348, 14]
[2617, 6349, 14]
[2616, 6347, 14]
[2616, 6348, 14]
[2617, 6347, 14]
[2617, 6348, 14]
[2616, 6346, 14]
[2616, 6347, 14]
[2617, 6346, 14]
[2617, 6347, 14]
[2616, 6345, 14]
[2616, 6346, 14]
[2617, 6345, 14]
[2617, 6346, 14]
[2616, 6345, 14]
[2617, 6345, 14]
[2616, 6344, 14]
[2616, 6345, 14]
[2617, 6344, 14]
[2617, 6345, 14]
[2616, 6343, 14]
[2616, 6344, 14]
[2617, 6343, 14]
[2617, 6344, 14]
[2616, 6342, 14]
[2616, 6343, 14]
[2617, 6342, 14]
[2617, 6343, 14]
[2616, 6342, 14]
[2617, 6342, 14]
[2616, 6341, 14]
[2616, 6342, 14]
[2617, 6341, 14]
[2617, 6342, 14]
[2616, 6340, 14]
[2616, 6341, 14]
[2617, 6340, 14]
[2617, 6341, 14]
[2616, 6339, 14]
[2616, 6340, 14]
[2617, 6339, 14]
[2617, 6340, 14]
[2616, 6338, 14]
[2616, 6339, 14]
[2617, 6338, 14]
[2617, 6339, 14]
[2616, 6338, 14]
[2617, 6338, 14]
[2616, 6337, 14]
[2616, 6338, 14]
[2617, 6337, 14]
[2617, 6338, 14]
[2616, 6336, 14]
[2616, 6337, 14]
[2617, 6336, 14]
[2617, 6337, 14]
[2616, 6335, 14]
[2616, 6336, 14]
[2617, 6335, 14]
[2617, 6336, 14]
[2616, 6335, 14]
[2617, 6335, 14]
[2616, 6334, 14]
[2616, 6335, 14]
[2617, 6334, 14]
[2617, 6335, 14]
[2616, 6333, 14]
[2616, 6334, 14]
[2617, 6333, 14]
[2617, 6334, 14]
[2616, 6332, 14]
[2616, 6333, 14]
[2617, 6332, 14]
[2617, 6333, 14]
[2616, 6331, 14]
[2616, 6332, 14]
[2617, 6331, 14]
[2617, 6332, 14]
[2616, 6331, 14]
[2617, 6331, 14]
[2616, 6329, 14]
[2616, 6330, 14]
[2617, 6329, 14]
[2617, 6330, 14]
[2616, 6328, 14]
[2616, 6329, 14]
[2617, 6328, 14]
[2617, 6329, 14]
[2616, 6328, 14]
[2617, 6328, 14]
[2616, 6327, 14]
[2616, 6328, 14]
[2617, 6327, 14]
[2617, 6328, 14]
[2616, 6326, 14]
[2616, 6327, 14]
[2617, 6326, 14]
[2617, 6327, 14]
[2616, 6325, 14]
[2616, 6326, 14]
[2617, 6325, 14]
[2617, 6326, 14]
[2616, 6324, 14]
[2616, 6325, 14]
[2617, 6324, 14]
[2617, 6325, 14]
[2616, 6324, 14]
[2617, 6324, 14]
[2616, 6323, 14]
[2616, 6324, 14]
[2617, 6323, 14]
[2617, 6324, 14]
[2616, 6322, 14]
[2616, 6323, 14]
[2617, 6322, 14]
[2617, 6323, 14]
[2617, 6321, 14]
[2617, 6322, 14]
[2618, 6321, 14]
[2618, 6322, 14]
[2617, 6321, 14]
[2618, 6321, 14]
[2617, 6320, 14]
[2617, 6321, 14]
[2618, 6320, 14]
[2618, 6321, 14]
[2617, 6319, 14]
[2617, 6320, 14]
[2618, 6319, 14]
[2618, 6320, 14]
[2617, 6318, 14]
[2617, 6319, 14]
[2618, 6318, 14]
[2618, 6319, 14]
[2617, 6317, 14]
[2617, 6318, 14]
[2618, 6317, 14]
[2618, 6318, 14]
[2617, 6315, 14]
[2617, 6316, 14]
[2618, 6315, 14]
[2618, 6316, 14]
[2617, 6314, 14]
[2617, 6315, 14]
[2618, 6314, 14]
[2618, 6315, 14]
[2617, 6314, 14]
[2618, 6314, 14]
[2617, 6313, 14]
[2617, 6314, 14]
[2618, 6313, 14]
[2618, 6314, 14]
[2617, 6348, 14]
[2617, 6349, 14]
[2618, 6348, 14]
[2618, 6349, 14]
[2617, 6347, 14]
[2617, 6348, 14]
[2618, 6347, 14]
[2618, 6348, 14]
[2617, 6346, 14]
[2617, 6347, 14]
[2618, 6346, 14]
[2618, 6347, 14]
[2617, 6345, 14]
[2617, 6346, 14]
[2618, 6345, 14]
[2618, 6346, 14]
[2617, 6345, 14]
[2618, 6345, 14]
[2617, 6344, 14]
[2617, 6345, 14]
[2618, 6344, 14]
[2618, 6345, 14]
[2617, 6343, 14]
[2617, 6344, 14]
[2618, 6343, 14]
[2618, 6344, 14]
[2617, 6342, 14]
[2617, 6343, 14]
[2618, 6342, 14]
[2618, 6343, 14]
[2617, 6342, 14]
[2618, 6342, 14]
[2617, 6341, 14]
[2617, 6342, 14]
[2618, 6341, 14]
[2618, 6342, 14]
[2617, 6340, 14]
[2617, 6341, 14]
[2618, 6340, 14]
[2618, 6341, 14]
[2617, 6339, 14]
[2617, 6340, 14]
[2618, 6339, 14]
[2618, 6340, 14]
[2617, 6338, 14]
[2617, 6339, 14]
[2618, 6338, 14]
[2618, 6339, 14]
[2617, 6338, 14]
[2618, 6338, 14]
[2617, 6337, 14]
[2617, 6338, 14]
[2618, 6337, 14]
[2618, 6338, 14]
[2617, 6336, 14]
[2617, 6337, 14]
[2618, 6336, 14]
[2618, 6337, 14]
[2617, 6335, 14]
[2617, 6336, 14]
[2618, 6335, 14]
[2618, 6336, 14]
[2617, 6335, 14]
[2618, 6335, 14]
[2617, 6334, 14]
[2617, 6335, 14]
[2618, 6334, 14]
[2618, 6335, 14]
[2617, 6333, 14]
[2617, 6334, 14]
[2618, 6333, 14]
[2618, 6334, 14]
[2617, 6332, 14]
[2617, 6333, 14]
[2618, 6332, 14]
[2618, 6333, 14]
[2617, 6331, 14]
[2617, 6332, 14]
[2618, 6331, 14]
[2618, 6332, 14]
[2617, 6331, 14]
[2618, 6331, 14]
[2617, 6330, 14]
[2617, 6331, 14]
[2618, 6330, 14]
[2618, 6331, 14]
[2617, 6329, 14]
[2617, 6330, 14]
[2618, 6329, 14]
[2618, 6330, 14]
[2617, 6328, 14]
[2617, 6329, 14]
[2618, 6328, 14]
[2618, 6329, 14]
[2617, 6328, 14]
[2618, 6328, 14]
[2617, 6327, 14]
[2617, 6328, 14]
[2618, 6327, 14]
[2618, 6328, 14]
[2617, 6326, 14]
[2617, 6327, 14]
[2618, 6326, 14]
[2618, 6327, 14]
[2617, 6325, 14]
[2617, 6326, 14]
[2618, 6325, 14]
[2618, 6326, 14]
[2617, 6324, 14]
[2617, 6325, 14]
[2618, 6324, 14]
[2618, 6325, 14]
[2617, 6324, 14]
[2618, 6324, 14]
[2617, 6323, 14]
[2617, 6324, 14]
[2618, 6323, 14]
[2618, 6324, 14]
[2617, 6322, 14]
[2617, 6323, 14]
[2618, 6322, 14]
[2618, 6323, 14]
[2618, 6321, 14]
[2618, 6322, 14]
[2619, 6321, 14]
[2619, 6322, 14]
[2618, 6321, 14]
[2619, 6321, 14]
[2618, 6320, 14]
[2618, 6321, 14]
[2619, 6320, 14]
[2619, 6321, 14]
[2618, 6319, 14]
[2618, 6320, 14]
[2619, 6319, 14]
[2619, 6320, 14]
[2618, 6318, 14]
[2618, 6319, 14]
[2619, 6318, 14]
[2619, 6319, 14]
[2618, 6349, 14]
[2619, 6349, 14]
[2618, 6348, 14]
[2618, 6349, 14]
[2619, 6348, 14]
[2619, 6349, 14]
[2618, 6347, 14]
[2618, 6348, 14]
[2619, 6347, 14]
[2619, 6348, 14]
[2618, 6346, 14]
[2618, 6347, 14]
[2619, 6346, 14]
[2619, 6347, 14]
[2618, 6345, 14]
[2618, 6346, 14]
[2619, 6345, 14]
[2619, 6346, 14]
[2618, 6345, 14]
[2619, 6345, 14]
[2618, 6344, 14]
[2618, 6345, 14]
[2619, 6344, 14]
[2619, 6345, 14]
[2618, 6343, 14]
[2618, 6344, 14]
[2619, 6343, 14]
[2619, 6344, 14]
[2618, 6342, 14]
[2618, 6343, 14]
[2619, 6342, 14]
[2619, 6343, 14]
[2618, 6342, 14]
[2619, 6342, 14]
[2618, 6341, 14]
[2618, 6342, 14]
[2619, 6341, 14]
[2619, 6342, 14]
[2618, 6340, 14]
[2618, 6341, 14]
[2619, 6340, 14]
[2619, 6341, 14]
[2618, 6339, 14]
[2618, 6340, 14]
[2619, 6339, 14]
[2619, 6340, 14]
[2618, 6338, 14]
[2618, 6339, 14]
[2619, 6338, 14]
[2619, 6339, 14]
[2618, 6338, 14]
[2619, 6338, 14]
[2618, 6337, 14]
[2618, 6338, 14]
[2619, 6337, 14]
[2619, 6338, 14]
[2618, 6336, 14]
[2618, 6337, 14]
[2619, 6336, 14]
[2619, 6337, 14]
[2618, 6335, 14]
[2618, 6336, 14]
[2619, 6335, 14]
[2619, 6336, 14]
[2618, 6335, 14]
[2619, 6335, 14]
[2618, 6334, 14]
[2618, 6335, 14]
[2619, 6334, 14]
[2619, 6335, 14]
[2618, 6333, 14]
[2618, 6334, 14]
[2619, 6333, 14]
[2619, 6334, 14]
[2618, 6332, 14]
[2618, 6333, 14]
[2619, 6332, 14]
[2619, 6333, 14]
[2618, 6331, 14]
[2618, 6332, 14]
[2619, 6331, 14]
[2619, 6332, 14]
[2618, 6331, 14]
[2619, 6331, 14]
[2618, 6330, 14]
[2618, 6331, 14]
[2619, 6330, 14]
[2619, 6331, 14]
[2618, 6327, 14]
[2618, 6328, 14]
[2619, 6327, 14]
[2619, 6328, 14]
[2618, 6326, 14]
[2618, 6327, 14]
[2619, 6326, 14]
[2619, 6327, 14]
[2618, 6325, 14]
[2618, 6326, 14]
[2619, 6325, 14]
[2619, 6326, 14]
[2618, 6324, 14]
[2618, 6325, 14]
[2619, 6324, 14]
[2619, 6325, 14]
[2618, 6322, 14]
[2618, 6323, 14]
[2619, 6322, 14]
[2619, 6323, 14]
[2619, 6320, 14]
[2619, 6321, 14]
[2620, 6320, 14]
[2620, 6321, 14]
[2619, 6350, 14]
[2619, 6351, 14]
[2619, 6349, 14]
[2619, 6350, 14]
[2619, 6349, 14]
[2619, 6348, 14]
[2619, 6349, 14]
[2619, 6347, 14]
[2619, 6348, 14]
[2619, 6346, 14]
[2619, 6347, 14]
[2619, 6345, 14]
[2619, 6346, 14]
[2619, 6345, 14]
[2619, 6344, 14]
[2619, 6345, 14]
[2619, 6343, 14]
[2619, 6344, 14]
[2619, 6342, 14]
[2619, 6343, 14]
[2619, 6342, 14]
[2619, 6341, 14]
[2619, 6342, 14]
[2619, 6340, 14]
[2619, 6341, 14]
[2619, 6339, 14]
[2619, 6340, 14]
[2619, 6338, 14]
[2619, 6339, 14]
[2619, 6338, 14]
[2619, 6337, 14]
[2619, 6338, 14]
[2619, 6336, 14]
[2619, 6337, 14]
[2619, 6335, 14]
[2619, 6336, 14]
[2619, 6335, 14]
[2619, 6334, 14]
[2619, 6335, 14]
[2619, 6333, 14]
[2619, 6334, 14]
[2619, 6332, 14]
[2619, 6333, 14]
[2619, 6331, 14]
[2619, 6332, 14]
[2619, 6331, 14]
[2619, 6330, 14]
[2619, 6331, 14]
[2619, 6328, 14]
[2620, 6328, 14]
[2619, 6327, 14]
[2619, 6328, 14]
[2620, 6327, 14]
[2620, 6328, 14]
[2619, 6326, 14]
[2619, 6327, 14]
[2620, 6326, 14]
[2620, 6327, 14]
[2619, 6325, 14]
[2619, 6326, 14]
[2620, 6325, 14]
[2620, 6326, 14]
[2619, 6323, 14]
[2619, 6324, 14]
[2620, 6323, 14]
[2620, 6324, 14]
[2619, 6351, 14]
[2619, 6352, 14]
[2620, 6351, 14]
[2620, 6352, 14]
[2619, 6350, 14]
[2619, 6351, 14]
[2620, 6350, 14]
[2620, 6351, 14]
[2619, 6349, 14]
[2619, 6350, 14]
[2620, 6349, 14]
[2620, 6350, 14]
[2619, 6349, 14]
[2620, 6349, 14]
[2619, 6348, 14]
[2619, 6349, 14]
[2620, 6348, 14]
[2620, 6349, 14]
[2619, 6347, 14]
[2619, 6348, 14]
[2620, 6347, 14]
[2620, 6348, 14]
[2619, 6346, 14]
[2619, 6347, 14]
[2620, 6346, 14]
[2620, 6347, 14]
[2619, 6345, 14]
[2619, 6346, 14]
[2620, 6345, 14]
[2620, 6346, 14]
[2619, 6345, 14]
[2620, 6345, 14]
[2619, 6344, 14]
[2619, 6345, 14]
[2620, 6344, 14]
[2620, 6345, 14]
[2619, 6343, 14]
[2619, 6344, 14]
[2620, 6343, 14]
[2620, 6344, 14]
[2619, 6342, 14]
[2619, 6343, 14]
[2620, 6342, 14]
[2620, 6343, 14]
[2619, 6342, 14]
[2620, 6342, 14]
[2619, 6341, 14]
[2619, 6342, 14]
[2620, 6341, 14]
[2620, 6342, 14]
[2619, 6340, 14]
[2619, 6341, 14]
[2620, 6340, 14]
[2620, 6341, 14]
[2619, 6339, 14]
[2619, 6340, 14]
[2620, 6339, 14]
[2620, 6340, 14]
[2619, 6338, 14]
[2619, 6339, 14]
[2620, 6338, 14]
[2620, 6339, 14]
[2619, 6338, 14]
[2620, 6338, 14]
[2619, 6337, 14]
[2619, 6338, 14]
[2620, 6337, 14]
[2620, 6338, 14]
[2619, 6336, 14]
[2619, 6337, 14]
[2620, 6336, 14]
[2620, 6337, 14]
[2619, 6335, 14]
[2619, 6336, 14]
[2620, 6335, 14]
[2620, 6336, 14]
[2619, 6335, 14]
[2620, 6335, 14]
[2619, 6334, 14]
[2619, 6335, 14]
[2620, 6334, 14]
[2620, 6335, 14]
[2619, 6333, 14]
[2619, 6334, 14]
[2620, 6333, 14]
[2620, 6334, 14]
[2619, 6332, 14]
[2619, 6333, 14]
[2620, 6332, 14]
[2620, 6333, 14]
[2619, 6331, 14]
[2619, 6332, 14]
[2620, 6331, 14]
[2620, 6332, 14]
[2619, 6331, 14]
[2620, 6331, 14]
[2619, 6330, 14]
[2619, 6331, 14]
[2620, 6330, 14]
[2620, 6331, 14]
[2619, 6329, 14]
[2619, 6330, 14]
[2620, 6329, 14]
[2620, 6330, 14]
[2619, 6328, 14]
[2619, 6329, 14]
[2620, 6328, 14]
[2620, 6329, 14]
[2619, 6328, 14]
[2620, 6328, 14]
[2620, 6327, 14]
[2620, 6328, 14]
[2620, 6326, 14]
[2620, 6327, 14]
[2620, 6323, 14]
[2620, 6324, 14]
[2620, 6352, 14]
[2621, 6352, 14]
[2620, 6351, 14]
[2620, 6352, 14]
[2621, 6351, 14]
[2621, 6352, 14]
[2620, 6350, 14]
[2620, 6351, 14]
[2621, 6350, 14]
[2621, 6351, 14]
[2620, 6349, 14]
[2620, 6350, 14]
[2621, 6349, 14]
[2621, 6350, 14]
[2620, 6349, 14]
[2621, 6349, 14]
[2620, 6348, 14]
[2620, 6349, 14]
[2621, 6348, 14]
[2621, 6349, 14]
[2620, 6347, 14]
[2620, 6348, 14]
[2621, 6347, 14]
[2621, 6348, 14]
[2620, 6346, 14]
[2620, 6347, 14]
[2621, 6346, 14]
[2621, 6347, 14]
[2620, 6345, 14]
[2620, 6346, 14]
[2621, 6345, 14]
[2621, 6346, 14]
[2620, 6345, 14]
[2621, 6345, 14]
[2620, 6344, 14]
[2620, 6345, 14]
[2621, 6344, 14]
[2621, 6345, 14]
[2620, 6343, 14]
[2620, 6344, 14]
[2621, 6343, 14]
[2621, 6344, 14]
[2620, 6342, 14]
[2620, 6343, 14]
[2621, 6342, 14]
[2621, 6343, 14]
[2620, 6342, 14]
[2621, 6342, 14]
[2620, 6341, 14]
[2620, 6342, 14]
[2621, 6341, 14]
[2621, 6342, 14]
[2620, 6340, 14]
[2620, 6341, 14]
[2621, 6340, 14]
[2621, 6341, 14]
[2620, 6339, 14]
[2620, 6340, 14]
[2621, 6339, 14]
[2621, 6340, 14]
[2620, 6338, 14]
[2620, 6339, 14]
[2621, 6338, 14]
[2621, 6339, 14]
[2620, 6338, 14]
[2621, 6338, 14]
[2620, 6337, 14]
[2620, 6338, 14]
[2621, 6337, 14]
[2621, 6338, 14]
[2620, 6336, 14]
[2620, 6337, 14]
[2621, 6336, 14]
[2621, 6337, 14]
[2620, 6335, 14]
[2620, 6336, 14]
[2621, 6335, 14]
[2621, 6336, 14]
[2620, 6335, 14]
[2621, 6335, 14]
[2620, 6334, 14]
[2620, 6335, 14]
[2621, 6334, 14]
[2621, 6335, 14]
[2620, 6333, 14]
[2620, 6334, 14]
[2621, 6333, 14]
[2621, 6334, 14]
[2620, 6332, 14]
[2620, 6333, 14]
[2621, 6332, 14]
[2621, 6333, 14]
[2620, 6331, 14]
[2620, 6332, 14]
[2621, 6331, 14]
[2621, 6332, 14]
[2620, 6331, 14]
[2621, 6331, 14]
[2620, 6330, 14]
[2620, 6331, 14]
[2621, 6330, 14]
[2621, 6331, 14]
[2621, 6352, 14]
[2622, 6352, 14]
[2621, 6351, 14]
[2621, 6352, 14]
[2622, 6351, 14]
[2622, 6352, 14]
[2621, 6350, 14]
[2621, 6351, 14]
[2622, 6350, 14]
[2622, 6351, 14]
[2621, 6349, 14]
[2621, 6350, 14]
[2622, 6349, 14]
[2622, 6350, 14]
[2621, 6349, 14]
[2622, 6349, 14]
[2621, 6348, 14]
[2621, 6349, 14]
[2622, 6348, 14]
[2622, 6349, 14]
[2621, 6347, 14]
[2621, 6348, 14]
[2622, 6347, 14]
[2622, 6348, 14]
[2621, 6346, 14]
[2621, 6347, 14]
[2622, 6346, 14]
[2622, 6347, 14]
[2621, 6345, 14]
[2621, 6346, 14]
[2622, 6345, 14]
[2622, 6346, 14]
[2621, 6345, 14]
[2622, 6345, 14]
[2621, 6344, 14]
[2621, 6345, 14]
[2622, 6344, 14]
[2622, 6345, 14]
[2621, 6343, 14]
[2621, 6344, 14]
[2622, 6343, 14]
[2622, 6344, 14]
[2621, 6342, 14]
[2621, 6343, 14]
[2622, 6342, 14]
[2622, 6343, 14]
[2621, 6342, 14]
[2622, 6342, 14]
[2621, 6341, 14]
[2621, 6342, 14]
[2622, 6341, 14]
[2622, 6342, 14]
[2621, 6340, 14]
[2621, 6341, 14]
[2622, 6340, 14]
[2622, 6341, 14]
[2621, 6339, 14]
[2621, 6340, 14]
[2622, 6339, 14]
[2622, 6340, 14]
[2621, 6338, 14]
[2621, 6339, 14]
[2622, 6338, 14]
[2622, 6339, 14]
[2621, 6338, 14]
[2622, 6338, 14]
[2621, 6337, 14]
[2621, 6338, 14]
[2622, 6337, 14]
[2622, 6338, 14]
[2621, 6336, 14]
[2621, 6337, 14]
[2622, 6336, 14]
[2622, 6337, 14]
[2621, 6335, 14]
[2621, 6336, 14]
[2622, 6335, 14]
[2622, 6336, 14]
[2621, 6335, 14]
[2622, 6335, 14]
[2621, 6334, 14]
[2621, 6335, 14]
[2622, 6334, 14]
[2622, 6335, 14]
[2621, 6333, 14]
[2621, 6334, 14]
[2622, 6333, 14]
[2622, 6334, 14]
[2621, 6332, 14]
[2621, 6333, 14]
[2622, 6332, 14]
[2622, 6333, 14]
[2621, 6331, 14]
[2621, 6332, 14]
[2622, 6331, 14]
[2622, 6332, 14]
[2621, 6331, 14]
[2622, 6331, 14]
[2621, 6330, 14]
[2621, 6331, 14]
[2622, 6330, 14]
[2622, 6331, 14]
[2622, 6352, 14]
[2622, 6351, 14]
[2622, 6352, 14]
[2622, 6350, 14]
[2622, 6351, 14]
[2622, 6349, 14]
[2622, 6350, 14]
[2622, 6349, 14]
[2622, 6348, 14]
[2622, 6349, 14]
[2622, 6347, 14]
[2622, 6348, 14]
[2622, 6346, 14]
[2622, 6347, 14]
[2622, 6345, 14]
[2622, 6346, 14]
[2622, 6345, 14]
[2622, 6344, 14]
[2622, 6345, 14]
[2622, 6343, 14]
[2622, 6344, 14]
[2622, 6342, 14]
[2622, 6343, 14]
[2623, 6342, 14]
[2623, 6343, 14]
[2622, 6342, 14]
[2623, 6342, 14]
[2622, 6341, 14]
[2622, 6342, 14]
[2623, 6341, 14]
[2623, 6342, 14]
[2622, 6340, 14]
[2622, 6341, 14]
[2623, 6340, 14]
[2623, 6341, 14]
[2622, 6339, 14]
[2622, 6340, 14]
[2623, 6339, 14]
[2623, 6340, 14]
[2622, 6338, 14]
[2622, 6339, 14]
[2623, 6338, 14]
[2623, 6339, 14]
[2622, 6338, 14]
[2623, 6338, 14]
[2622, 6336, 14]
[2622, 6337, 14]
[2623, 6336, 14]
[2623, 6337, 14]
[2622, 6335, 14]
[2622, 6336, 14]
[2623, 6335, 14]
[2623, 6336, 14]
[2622, 6335, 14]
[2623, 6335, 14]
[2622, 6334, 14]
[2622, 6335, 14]
[2623, 6334, 14]
[2623, 6335, 14]
[2622, 6333, 14]
[2622, 6334, 14]
[2623, 6333, 14]
[2623, 6334, 14]
[2622, 6332, 14]
[2622, 6333, 14]
[2623, 6332, 14]
[2623, 6333, 14]
[2622, 6331, 14]
[2622, 6332, 14]
[2623, 6331, 14]
[2623, 6332, 14]
[2622, 6330, 14]
[2622, 6331, 14]
[2623, 6330, 14]
[2623, 6331, 14]
[2622, 6329, 14]
[2622, 6330, 14]
[2623, 6329, 14]
[2623, 6330, 14]
[2622, 6328, 14]
[2622, 6329, 14]
[2623, 6328, 14]
[2623, 6329, 14]
[2622, 6351, 14]
[2622, 6352, 14]
[2623, 6351, 14]
[2623, 6352, 14]
[2622, 6350, 14]
[2622, 6351, 14]
[2623, 6350, 14]
[2623, 6351, 14]
[2622, 6349, 14]
[2622, 6350, 14]
[2623, 6349, 14]
[2623, 6350, 14]
[2622, 6349, 14]
[2623, 6349, 14]
[2622, 6348, 14]
[2622, 6349, 14]
[2623, 6348, 14]
[2623, 6349, 14]
[2622, 6347, 14]
[2622, 6348, 14]
[2623, 6347, 14]
[2623, 6348, 14]
[2622, 6346, 14]
[2622, 6347, 14]
[2623, 6346, 14]
[2623, 6347, 14]
[2622, 6345, 14]
[2622, 6346, 14]
[2623, 6345, 14]
[2623, 6346, 14]
[2622, 6345, 14]
[2623, 6345, 14]
[2622, 6344, 14]
[2622, 6345, 14]
[2623, 6344, 14]
[2623, 6345, 14]
[2622, 6343, 14]
[2622, 6344, 14]
[2623, 6343, 14]
[2623, 6344, 14]
[2622, 6342, 14]
[2622, 6343, 14]
[2623, 6342, 14]
[2623, 6343, 14]
[2623, 6342, 14]
[2623, 6341, 14]
[2623, 6342, 14]
[2623, 6340, 14]
[2623, 6341, 14]
[2623, 6335, 14]
[2623, 6336, 14]
[2623, 6335, 14]
[2623, 6334, 14]
[2623, 6335, 14]
[2623, 6330, 14]
[2623, 6331, 14]
[2623, 6329, 14]
[2623, 6330, 14]
[2623, 6328, 14]
[2623, 6329, 14]
[2623, 6351, 14]
[2623, 6352, 14]
[2624, 6351, 14]
[2624, 6352, 14]
[2623, 6350, 14]
[2623, 6351, 14]
[2624, 6350, 14]
[2624, 6351, 14]
[2623, 6349, 14]
[2623, 6350, 14]
[2624, 6349, 14]
[2624, 6350, 14]
[2623, 6349, 14]
[2624, 6349, 14]
[2623, 6348, 14]
[2623, 6349, 14]
[2624, 6348, 14]
[2624, 6349, 14]
[2623, 6347, 14]
[2623, 6348, 14]
[2624, 6347, 14]
[2624, 6348, 14]
[2623, 6346, 14]
[2623, 6347, 14]
[2624, 6346, 14]
[2624, 6347, 14]
[2623, 6345, 14]
[2623, 6346, 14]
[2624, 6345, 14]
[2624, 6346, 14]
[2623, 6345, 14]
[2624, 6345, 14]
[2623, 6344, 14]
[2623, 6345, 14]
[2624, 6344, 14]
[2624, 6345, 14]
[2623, 6343, 14]
[2623, 6344, 14]
[2624, 6343, 14]
[2624, 6344, 14]
[2623, 6342, 14]
[2623, 6343, 14]
[2624, 6342, 14]
[2624, 6343, 14]
[2624, 6352, 14]
[2625, 6352, 14]
[2624, 6351, 14]
[2624, 6352, 14]
[2625, 6351, 14]
[2625, 6352, 14]
[2624, 6350, 14]
[2624, 6351, 14]
[2625, 6350, 14]
[2625, 6351, 14]
[2624, 6349, 14]
[2624, 6350, 14]
[2625, 6349, 14]
[2625, 6350, 14]
[2624, 6349, 14]
[2625, 6349, 14]
[2624, 6348, 14]
[2624, 6349, 14]
[2625, 6348, 14]
[2625, 6349, 14]
[2624, 6347, 14]
[2624, 6348, 14]
[2625, 6347, 14]
[2625, 6348, 14]
[2624, 6346, 14]
[2624, 6347, 14]
[2625, 6346, 14]
[2625, 6347, 14]
[2624, 6345, 14]
[2624, 6346, 14]
[2625, 6345, 14]
[2625, 6346, 14]
[2624, 6344, 14]
[2624, 6345, 14]
[2625, 6344, 14]
[2625, 6345, 14]
[2624, 6343, 14]
[2624, 6344, 14]
[2625, 6343, 14]
[2625, 6344, 14]
[2624, 6342, 14]
[2624, 6343, 14]
[2625, 6342, 14]
[2625, 6343, 14]
[2625, 6352, 14]
[2626, 6352, 14]
[2625, 6351, 14]
[2625, 6352, 14]
[2626, 6351, 14]
[2626, 6352, 14]
[2625, 6350, 14]
[2625, 6351, 14]
[2626, 6350, 14]
[2626, 6351, 14]
[2625, 6349, 14]
[2625, 6350, 14]
[2626, 6349, 14]
[2626, 6350, 14]
[2625, 6349, 14]
[2626, 6349, 14]
[2625, 6348, 14]
[2625, 6349, 14]
[2626, 6348, 14]
[2626, 6349, 14]
[2625, 6347, 14]
[2625, 6348, 14]
[2626, 6347, 14]
[2626, 6348, 14]
[2625, 6344, 14]
[2625, 6345, 14]
[2626, 6344, 14]
[2626, 6345, 14]
[2625, 6343, 14]
[2625, 6344, 14]
[2626, 6343, 14]
[2626, 6344, 14]
[2625, 6342, 14]
[2625, 6343, 14]
[2626, 6342, 14]
[2626, 6343, 14]
[2626, 6352, 14]
[2626, 6351, 14]
[2626, 6352, 14]
[2626, 6350, 14]
[2626, 6351, 14]
[2626, 6349, 14]
[2626, 6348, 14]
[2626, 6349, 14]
[2626, 6343, 14]
[2626, 6344, 14]
[2626, 6352, 14]
[2627, 6352, 14]
[2626, 6351, 14]
[2626, 6352, 14]
[2627, 6351, 14]
[2627, 6352, 14]
[2626, 6350, 14]
[2626, 6351, 14]
[2627, 6350, 14]
[2627, 6351, 14]
[2626, 6349, 14]
[2626, 6350, 14]
[2627, 6349, 14]
[2627, 6350, 14]
[2592, 6320, 14]
[2593, 6320, 14]
[2592, 6319, 14]
[2592, 6320, 14]
[2593, 6319, 14]
[2593, 6320, 14]
[2592, 6318, 14]
[2592, 6319, 14]
[2593, 6318, 14]
[2593, 6319, 14]
[2593, 6320, 14]
[2594, 6320, 14]
[2593, 6319, 14]
[2593, 6320, 14]
[2594, 6319, 14]
[2594, 6320, 14]
[2593, 6318, 14]
[2593, 6319, 14]
[2594, 6318, 14]
[2594, 6319, 14]
[2593, 6317, 14]
[2593, 6318, 14]
[2594, 6317, 14]
[2594, 6318, 14]
[2593, 6317, 14]
[2594, 6317, 14]
[2593, 6316, 14]
[2593, 6317, 14]
[2594, 6316, 14]
[2594, 6317, 14]
[2593, 6306, 14]
[2594, 6306, 14]
[2593, 6305, 14]
[2593, 6306, 14]
[2594, 6305, 14]
[2594, 6306, 14]
[2593, 6302, 14]
[2593, 6303, 14]
[2594, 6302, 14]
[2594, 6303, 14]
[2593, 6302, 14]
[2594, 6302, 14]
[2593, 6301, 14]
[2593, 6302, 14]
[2594, 6301, 14]
[2594, 6302, 14]
[2593, 6300, 14]
[2593, 6301, 14]
[2594, 6300, 14]
[2594, 6301, 14]
[2593, 6299, 14]
[2593, 6300, 14]
[2594, 6299, 14]
[2594, 6300, 14]
